Normal: (-0.548245, 0.761308, -0.346177)
Normal: (-0.735323, 0.244761, -0.631975)
Normal: (-0.718078, 0.482822, -0.501246)
Normal: (-0.992171, -0.0644922, -0.106944)
Normal: (-0.686531, -0.124656, -0.716335)
Normal: (-0.857102, -0.306875, -0.413768)
Normal: (-0.943855, -0.0054986, -0.330315)
Normal: (-0.827967, 0.0802113, -0.55501)
Normal: (-0.92087, 0.0446631, -0.387303)
Normal: (-0.161242, 0.313032, -0.935955)
Normal: (0.0337338, -0.607412, -0.793671)
Normal: (-0.183705, -0.744024, -0.642402)
Normal: (-0.959138, -0.224706, -0.171933)
Normal: (-0.845314, -0.508286, 0.164592)
Normal: (-0.935888, -0.328698, 0.126771)
Normal: (-0.741836, -0.536039, 0.402917)
Normal: (-0.731566, -0.583999, 0.351789)
Normal: (-0.941413, -0.335217, -0.0370229)
Normal: (-0.891983, -0.44695, 0.067837)
Normal: (-0.900507, -0.347059, -0.261986)
Normal: (-0.719845, -0.151367, -0.67743)
Normal: (-0.920011, -0.0865792, -0.38221)
Normal: (-0.774265, -0.5583, -0.29802)
Normal: (-0.22882, -0.537793, -0.811431)
Normal: (0.173878, -0.0997976, -0.979697)
Normal: (-0.964018, -0.0360553, 0.263382)
Normal: (0.591215, 0.286306, -0.753985)
Normal: (-0.479401, 0.765822, 0.428593)
Normal: (-0.921375, -0.274373, -0.275296)
Normal: (-0.917479, -0.225963, -0.327374)
Normal: (-0.268935, 0.510503, -0.816738)
Normal: (-0.190082, 0.253632, -0.948441)
Normal: (0.0731959, 0.668003, -0.74055)
Normal: (0.113303, 0.727242, -0.676965)
Normal: (0.208811, 0.395854, -0.894258)
Normal: (-0.0367794, 0.289484, -0.956476)
Normal: (0.519951, 0.807819, -0.277632)
Normal: (0.224531, 0.510225, -0.830215)
Normal: (0.271902, 0.251094, -0.928989)
Normal: (0.874107, 0.243867, -0.420079)
Normal: (0.37233, 0.487441, -0.789792)
Normal: (0.519516, 0.434123, -0.735962)
Normal: (0.0835493, -0.256484, -0.962931)
Normal: (-0.336771, -0.425542, -0.83994)
Normal: (0.0598836, 0.762143, -0.644633)
Normal: (0.327483, 0.927658, -0.179458)
Normal: (0.299977, 0.933397, -0.196937)
Normal: (0.313292, 0.448731, -0.836952)
Normal: (0.502645, 0.806295, -0.311827)
Normal: (0.391669, 0.821771, -0.41387)
Normal: (-0.335963, 0.61698, -0.711663)
Normal: (0.122322, 0.952156, -0.280065)
Normal: (0.394863, 0.723823, -0.56583)
Normal: (-0.634724, 0.754102, -0.168687)
Normal: (-0.0856461, 0.368885, -0.925521)
Normal: (-0.901848, -0.343181, 0.262482)
Normal: (-0.919011, -0.323324, 0.225569)
Normal: (-0.719734, -0.201372, -0.664404)
Normal: (-0.680132, 0.298346, -0.669634)
Normal: (-0.898159, 0.285482, 0.33438)
Normal: (-0.235171, 0.932441, 0.274315)
Normal: (-0.484522, -0.430577, 0.761473)
Normal: (-0.932697, -0.353525, -0.0713857)
Normal: (-0.363655, 0.443571, -0.819146)
Normal: (-0.201428, 0.776591, -0.596937)
Normal: (-0.73234, 0.572987, -0.367919)
Normal: (0.229068, 0.234078, -0.944847)
Normal: (-0.932093, -0.0205364, -0.361638)
Normal: (-0.481348, -0.228047, -0.846345)
Normal: (-0.861046, -0.183878, -0.474119)
Normal: (-0.843581, -0.27541, -0.460999)
Normal: (0.114319, 0.0880417, -0.989535)
Normal: (0.63001, 0.624277, -0.461916)
Normal: (0.567284, 0.647996, -0.508223)
Normal: (-0.938352, -0.207561, 0.27643)
Normal: (-0.978673, -0.11897, 0.167468)
Normal: (-0.944413, -0.151568, 0.291738)
Normal: (-0.96654, -0.239562, 0.091704)
Normal: (-0.895162, -0.354757, 0.269874)
Normal: (0.602985, -0.407672, -0.68572)
Normal: (-0.321535, -0.162983, -0.932766)
Normal: (-0.397298, -0.172985, -0.901238)
Normal: (0.355193, -0.22119, -0.908247)
Normal: (0.39138, -0.206232, -0.896822)
Normal: (-0.920687, -0.277938, -0.274018)
Normal: (0.25337, 0.144683, -0.956489)
Normal: (-0.62288, -0.605333, -0.495572)
Normal: (-0.525969, 0.238651, -0.816335)
Normal: (-0.610519, -0.670363, -0.421759)
Normal: (-0.209114, 0.602281, -0.770409)
Normal: (-0.46713, -0.221163, -0.856082)
Normal: (0.0989906, -0.893464, -0.438091)
Normal: (-0.556094, 0.730927, -0.395608)
Normal: (0.585814, -0.45113, -0.673278)
Normal: (-0.675457, -0.15441, -0.721052)
Normal: (-0.769737, -0.514386, -0.378036)
Normal: (-0.494696, -0.113107, -0.861674)
Normal: (-0.482098, -0.0826366, -0.872211)
Normal: (-0.241263, 0.156487, -0.95776)
Normal: (-0.371134, -0.238258, -0.897493)
Normal: (-0.377592, -0.101759, -0.920364)
Normal: (-0.849016, 0.271352, 0.453366)
Normal: (0.752222, -0.0662123, -0.655575)
Normal: (0.874676, -0.484703, 0.00241098)
Normal: (-0.732977, 0.383402, -0.561914)
Normal: (-0.107552, 0.151075, -0.982654)
Normal: (-0.970741, -0.230723, 0.0665529)
Normal: (-0.877738, -0.392622, 0.274633)
Normal: (0.499763, -0.00736112, -0.866131)
Normal: (-0.448341, -0.732056, 0.512917)
Normal: (-0.151895, -0.757732, 0.634642)
Normal: (-0.506014, -0.441872, 0.740742)
Normal: (-0.544146, -0.340323, 0.766867)
Normal: (0.771089, -0.597612, 0.219729)
Normal: (-0.866336, 0.0394052, -0.497906)
Normal: (-0.739231, 0.0120346, -0.673344)
Normal: (-0.507489, 0.183585, -0.841874)
Normal: (-0.113165, -0.163361, -0.980055)
Normal: (-0.926106, -0.214974, -0.310022)
Normal: (-0.490726, -0.825907, -0.277607)
Normal: (-0.546597, -0.667868, -0.505158)
Normal: (0.289418, -0.149285, -0.94549)
Normal: (0.649686, 0.310593, -0.693859)
Normal: (-0.935812, 0.233765, -0.263837)
Normal: (-0.0691619, -0.940642, 0.332279)
Normal: (0.33818, -0.938983, -0.0628109)
Normal: (0.257591, -0.95808, -0.125417)
Normal: (-0.794143, -0.607047, 0.0288381)
Normal: (-0.385707, -0.918763, 0.0842937)
Normal: (-0.393574, -0.889728, 0.231265)
Normal: (-0.948776, 0.300576, -0.097361)
Normal: (-0.980585, 0.117315, 0.157129)
Normal: (-0.889449, 0.080481, 0.449893)
Normal: (-0.457445, -0.858273, 0.232619)
Normal: (-0.741924, -0.656666, -0.135419)
Normal: (-0.578318, -0.616331, -0.534495)
Normal: (-0.983459, 0.166787, 0.0706366)
Normal: (-0.21535, -0.396066, -0.892612)
Normal: (-0.24917, -0.56993, -0.783003)
Normal: (-0.146545, -0.985365, -0.0870608)
Normal: (-0.100589, -0.994741, -0.0193194)
Normal: (-0.35312, -0.35958, -0.863718)
Normal: (0.403764, -0.913672, -0.0466746)
Normal: (0.436924, -0.857065, -0.273015)
Normal: (0.537783, -0.584094, -0.607967)
Normal: (-0.357006, -0.245168, -0.901354)
Normal: (0.413383, -0.756935, -0.506127)
Normal: (0.334346, -0.430599, -0.83833)
Normal: (0.705913, -0.48738, -0.513953)
Normal: (0.808239, -0.268143, -0.52426)
Normal: (0.661053, -0.362866, -0.656763)
Normal: (-0.379777, -0.043228, -0.924067)
Normal: (0.40801, -0.391654, -0.824703)
Normal: (-0.52832, -0.0703175, -0.846128)
Normal: (0.231283, -0.314093, -0.92079)
Normal: (-0.114929, -0.136422, -0.983962)
Normal: (0.658287, -0.0847447, -0.747981)
Normal: (-0.241907, -0.265996, -0.933128)
Normal: (-0.358343, -0.228214, -0.905267)
Normal: (0.262088, -0.0621438, -0.963041)
Normal: (-0.552357, 0.749515, -0.36487)
Normal: (-0.212048, 0.604188, -0.76811)
Normal: (-0.686985, 0.3422, -0.641054)
Normal: (-0.933305, 0.3566, -0.0421663)
Normal: (-0.83759, -0.219367, -0.50032)
Normal: (-0.890703, 0.426042, -0.158543)
Normal: (-0.992296, -0.123786, -0.00500122)
Normal: (-0.89764, -0.287459, -0.33408)
Normal: (-0.903452, -0.382373, -0.19382)
Normal: (-0.140199, -0.107001, -0.984325)
Normal: (0.00438579, -0.24958, -0.968344)
Normal: (0.0849135, -0.412768, -0.906869)
Normal: (0.0673127, -0.609879, -0.789631)
Normal: (0.0753705, -0.201148, -0.976657)
Normal: (-0.48763, -0.168637, -0.856609)
Normal: (-0.636477, -0.0698651, -0.768125)
Normal: (-0.642915, -0.0138593, -0.765812)
Normal: (0.0696553, -0.136096, -0.988244)
Normal: (0.0644219, -0.078095, -0.994862)
Normal: (-0.0801381, -0.0654541, -0.994632)
Normal: (-0.0362292, -0.0434187, -0.9984)
Normal: (-0.246537, -0.0995201, -0.96401)
Normal: (-0.895795, -0.284465, -0.341514)
Normal: (-0.893015, -0.203257, -0.401511)
Normal: (-0.525479, 0.190442, -0.829219)
Normal: (-0.639935, 0.234698, -0.73171)
Normal: (-0.663429, -0.359277, -0.65634)
Normal: (-0.492164, 0.317285, -0.81062)
Normal: (0.467184, 0.545229, -0.696035)
Normal: (0.750973, 0.519183, -0.40803)
Normal: (-0.353867, 0.317093, -0.879903)
Normal: (-0.610684, 0.598429, -0.518601)
Normal: (-0.462265, 0.55249, -0.693589)
Normal: (-0.345909, 0.0743987, -0.935314)
Normal: (-0.523336, 0.769619, -0.365795)
Normal: (-0.336097, 0.577087, -0.744318)
Normal: (-0.767115, 0.215815, -0.604119)
Normal: (-0.684496, 0.251065, -0.684421)
Normal: (-0.800506, -0.00785813, -0.599274)
Normal: (-0.538263, 0.198009, -0.819186)
Normal: (-0.319456, 0.827445, -0.461825)
Normal: (-0.163071, 0.986491, -0.0155811)
Normal: (-0.992245, -0.00553547, 0.124176)
Normal: (-0.975297, -0.0889984, 0.202176)
Normal: (-0.181214, -0.279466, -0.9429)
Normal: (0.343416, 0.441302, 0.829046)
Normal: (-0.426536, -0.198626, -0.882392)
Normal: (-0.368369, -0.249028, -0.895706)
Normal: (-0.320789, 0.572151, -0.75481)
Normal: (-0.982483, 0.139314, 0.123766)
Normal: (-0.861904, -0.417621, -0.287599)
Normal: (-0.595912, -0.63107, 0.496628)
Normal: (0.292362, -0.93824, 0.185014)
Normal: (0.345417, -0.928774, 0.134411)
Normal: (0.642607, -0.362714, 0.674904)
Normal: (0.635131, -0.254645, -0.729222)
Normal: (0.0500294, 0.339416, -0.939305)
Normal: (-0.192117, 0.332559, -0.923307)
Normal: (-0.656271, 0.110247, -0.746427)
Normal: (-0.683751, 0.072318, -0.726123)
Normal: (-0.558692, -0.0106805, -0.829307)
Normal: (-0.350863, -0.386358, -0.853008)
Normal: (-0.271868, 0.0780291, -0.959166)
Normal: (-0.109383, -0.775461, -0.621848)
Normal: (-0.516897, -0.261171, -0.815234)
Normal: (-0.412104, -0.210505, -0.886486)
Normal: (-0.440863, -0.54998, -0.709339)
Normal: (-0.270163, 0.0192976, -0.962621)
Normal: (-0.423085, 0.312056, -0.850659)
Normal: (-0.790488, 0.178391, -0.585922)
Normal: (-0.486379, -0.871085, 0.0681634)
Normal: (-0.462688, -0.175176, -0.869042)
Normal: (-0.442027, -0.16577, -0.881551)
Normal: (-0.917759, -0.181766, -0.3531)
Normal: (-0.875809, -0.217074, 0.431088)
Normal: (-0.896833, 0.0816058, 0.434777)
Normal: (0.0542792, 0.997611, -0.0427243)
Normal: (-0.394679, -0.237605, -0.887566)
Normal: (-0.305727, -0.43164, -0.848657)
Normal: (0.183534, 0.115835, -0.976165)
Normal: (0.520304, 0.00216226, -0.853979)
Normal: (0.402468, 0.040799, -0.914524)
Normal: (0.23982, -0.165646, -0.956581)
Normal: (-0.91306, -0.155759, 0.376908)
Normal: (0.178252, 0.359783, -0.915851)
Normal: (-0.897681, -0.248513, 0.363883)
Normal: (-0.355261, -0.0030475, -0.934762)
Normal: (0.518175, 0.124816, -0.846118)
Normal: (-0.436249, -0.165825, -0.884414)
Normal: (-0.734269, -0.224941, -0.640508)
Normal: (0.281101, 0.037264, -0.958955)
Normal: (0.324074, 0.0405453, -0.945162)
Normal: (-0.776415, -0.433272, 0.457662)
Normal: (0.510256, -0.0248657, -0.859663)
Normal: (0.58867, -0.447143, 0.673447)
Normal: (0.832677, -0.351512, 0.427888)
Normal: (0.957994, -0.266673, 0.105516)
Normal: (0.793717, -0.103986, -0.599333)
Normal: (0.219362, -0.353, 0.909544)
Normal: (0.661119, 0.63191, -0.404489)
Normal: (0.927656, 0.356852, -0.110044)
Normal: (-0.336098, 0.0929051, 0.937234)
Normal: (0.229447, 0.0806551, 0.969974)
Normal: (0.0317796, 0.0628262, 0.997518)
Normal: (0.502499, 0.637074, 0.584493)
Normal: (0.0401274, 0.832336, 0.552818)
Normal: (-0.00671567, -0.423397, 0.905919)
Normal: (0.00860151, 0.430021, -0.902778)
Normal: (-0.246477, 0.318015, 0.915487)
Normal: (0.104586, 0.697385, 0.709025)
Normal: (0.179139, -0.312215, 0.932969)
Normal: (-0.323028, 0.0277921, 0.945981)
Normal: (-0.0432301, -0.209871, 0.976773)
Normal: (-0.212018, 0.0980581, 0.972334)
Normal: (0.670792, -0.558861, 0.487557)
Normal: (-0.414333, -0.777474, 0.47314)
Normal: (0.448945, -0.677885, 0.582169)
Normal: (0.0245521, -0.875528, 0.482543)
Normal: (0.624468, 0.547684, 0.556851)
Normal: (-0.718481, -0.548887, 0.42721)
Normal: (-0.682042, -0.341003, 0.646943)
Normal: (-0.625663, -0.342799, 0.700739)
Normal: (-0.649233, -0.360544, 0.669705)
Normal: (-0.717362, -0.454727, 0.52784)
Normal: (-0.933878, -0.326822, 0.14512)
Normal: (-0.142669, -0.284148, 0.948106)
Normal: (0.382304, 0.338353, 0.859861)
Normal: (-0.00586384, -0.487003, 0.87338)
Normal: (0.861171, -0.11034, 0.496194)
Normal: (-0.538857, 0.554367, 0.63428)
Normal: (-0.709722, 0.515143, 0.480544)
Normal: (-0.75514, 0.327052, 0.568155)
Normal: (-0.739873, 0.342027, 0.579315)
Normal: (-0.751773, 0.37276, 0.543955)
Normal: (-0.197242, -0.173963, 0.964797)
Normal: (-0.31621, -0.223789, 0.921916)
Normal: (-0.348077, -0.226041, 0.909807)
Normal: (-0.145962, -0.113131, 0.9828)
Normal: (-0.189472, -0.130339, 0.973197)
Normal: (0.126679, 0.115173, 0.985235)
Normal: (0.473504, 0.571007, 0.67063)
Normal: (0.565187, 0.305949, 0.766132)
Normal: (0.542268, 0.559727, 0.626619)
Normal: (0.762377, 0.438772, 0.475668)
Normal: (0.814232, 0.433352, 0.386306)
Normal: (0.777026, 0.53817, 0.326502)
Normal: (0.798514, 0.447876, -0.402222)
Normal: (-0.214197, -0.516865, 0.828837)
Normal: (0.897418, 0.249117, 0.364117)
Normal: (0.821119, 0.551474, 0.147107)
Normal: (0.890079, -0.0823822, 0.448299)
Normal: (0.687924, -0.104118, 0.718276)
Normal: (0.0183735, 0.965854, 0.258434)
Normal: (0.607918, 0.466713, 0.642351)
Normal: (0.77104, 0.589917, 0.239784)
Normal: (0.471396, 0.875784, 0.103866)
Normal: (0.481616, 0.868878, 0.114442)
Normal: (0.518817, 0.846252, -0.121189)
Normal: (0.0776637, 0.855089, 0.512632)
Normal: (0.141282, 0.989919, 0.0100306)
Normal: (0.238336, 0.970917, 0.0227201)
Normal: (0.883468, 0.468464, -0.00507483)
Normal: (0.799814, 0.431413, 0.417348)
Normal: (0.603738, 0.578746, 0.548227)
Normal: (-0.652817, -0.358074, 0.667543)
Normal: (-0.305584, -0.356254, 0.883007)
Normal: (-0.189118, -0.439175, 0.878271)
Normal: (-0.0860211, -0.225557, 0.970425)
Normal: (0.0954256, -0.253092, 0.962725)
Normal: (-0.687588, 0.0597766, 0.723636)
Normal: (0.482016, 0.750251, 0.452531)
Normal: (-0.236896, 0.486311, 0.84106)
Normal: (-0.288687, -0.0955579, 0.952643)
Normal: (0.335256, -0.183785, 0.924027)
Normal: (-0.84197, 0.329645, 0.427108)
Normal: (0.6715, -0.0441341, 0.739689)
Normal: (0.557419, 0.451866, 0.696491)
Normal: (-0.334068, -0.52251, 0.784463)
Normal: (0.813802, 0.355952, 0.459373)
Normal: (0.838782, 0.154846, 0.521985)
Normal: (0.375993, -0.00762809, 0.926591)
Normal: (0.7951, 0.536108, 0.283556)
Normal: (0.816351, 0.488216, -0.308571)
Normal: (0.688474, 0.715417, -0.119086)
Normal: (0.706303, 0.692497, -0.146918)
Normal: (-0.809065, -0.0219527, 0.587309)
Normal: (-0.828376, -0.0402661, 0.558723)
Normal: (-0.783957, 0.523652, 0.333466)
Normal: (-0.662986, -0.251691, 0.705055)
Normal: (-0.203007, 0.963062, 0.176918)
Normal: (-0.0974997, -0.247502, 0.963969)
Normal: (-0.360061, -0.675362, 0.643617)
Normal: (0.911743, -0.213028, 0.351203)
Normal: (-0.318436, -0.541733, 0.777897)
Normal: (-0.453738, -0.225699, 0.86208)
Normal: (0.846783, 0.203805, 0.491347)
Normal: (0.117819, -0.299123, 0.946913)
Normal: (0.316034, 0.0875659, 0.944698)
Normal: (0.535528, 0.781855, 0.319236)
Normal: (0.4642, 0.0729048, 0.882725)
Normal: (0.712802, -0.613204, 0.340432)
Normal: (0.542308, -0.821462, 0.176358)
Normal: (-0.0442009, 0.562822, 0.825395)
Normal: (-0.117723, 0.674244, 0.729065)
Normal: (0.937753, -0.333553, 0.0967564)
Normal: (0.92911, -0.315603, 0.19274)
Normal: (-0.245841, 0.395535, 0.884937)
Normal: (-0.0734899, -0.361495, 0.929473)
Normal: (0.577518, 0.216351, 0.787188)
Normal: (0.270025, 0.0314999, 0.962338)
Normal: (0.590128, 0.184387, 0.785971)
Normal: (-0.893813, 0.270883, 0.35738)
Normal: (0.666516, 0.150011, 0.730242)
Normal: (-0.256347, -0.0718818, 0.963908)
Normal: (-0.572239, -0.29102, 0.766714)
Normal: (0.510727, -0.564775, -0.648219)
Normal: (-0.249536, -0.856309, -0.452179)
Normal: (-0.486002, -0.791659, -0.37024)
Normal: (-0.699387, -0.698112, -0.153291)
Normal: (-0.746805, -0.304798, -0.591083)
Normal: (-0.958733, -0.0670983, 0.276277)
Normal: (0.376529, -0.613564, -0.694093)
Normal: (0.589752, -0.0594015, 0.805397)
Normal: (0.774387, 0.0710072, 0.628716)
Normal: (0.335338, -0.0705772, 0.93945)
Normal: (-0.558554, 0.233417, 0.795949)
Normal: (0.469326, -0.0539345, 0.881376)
Normal: (-0.398266, 0.173562, 0.9007)
Normal: (0.435636, -0.660461, 0.611565)
Normal: (0.963175, -0.165246, 0.212101)
Normal: (0.916289, 0.156171, 0.368816)
Normal: (0.897303, 0.411645, -0.159362)
Normal: (0.0713541, -0.991232, -0.111212)
Normal: (0.345591, -0.925066, -0.157545)
Normal: (0.491131, -0.783772, 0.380121)
Normal: (-0.770618, 0.0230676, 0.63688)
Normal: (-0.899699, 0.334237, 0.280763)
Normal: (-0.233377, -0.755482, 0.612194)
Normal: (-0.352372, -0.931966, 0.0852863)
Normal: (0.0234385, -0.789638, 0.613126)
Normal: (0.146417, -0.877677, 0.456339)
Normal: (-0.233595, -0.957077, 0.171569)
Normal: (-0.340715, -0.67686, 0.652514)
Normal: (-0.071673, -0.521461, 0.850259)
Normal: (0.245766, -0.410904, 0.877928)
Normal: (0.486815, -0.447648, 0.750082)
Normal: (0.479577, -0.398167, 0.781965)
Normal: (-0.0427923, -0.908957, -0.414687)
Normal: (0.293161, -0.836423, 0.463091)
Normal: (0.486418, -0.782244, 0.38922)
Normal: (0.386349, -0.921789, 0.0322619)
Normal: (0.608553, -0.788674, -0.0875046)
Normal: (0.380116, 0.0391272, 0.924111)
Normal: (0.792555, -0.602223, -0.0958293)
Normal: (0.869094, -0.465607, -0.166991)
Normal: (0.470097, 0.236806, 0.850254)
Normal: (0.865941, -0.486571, 0.115736)
Normal: (0.905825, -0.37402, 0.198973)
Normal: (0.856761, -0.103034, 0.505317)
Normal: (0.977737, -0.138001, 0.158068)
Normal: (0.990893, -0.108711, -0.0794515)
Normal: (0.836307, -0.14847, 0.527776)
Normal: (0.98266, -0.165846, 0.082913)
Normal: (0.999368, 0.0180108, 0.0306551)
Normal: (0.994596, 0.0220044, 0.101463)
Normal: (-0.215917, 0.807972, 0.548234)
Normal: (-0.133444, 0.779579, 0.611923)
Normal: (0.133422, 0.271846, 0.953047)
Normal: (0.144492, -0.0258011, 0.98917)
Normal: (0.322858, 0.0758193, 0.943406)
Normal: (-0.156663, -0.0732798, 0.98493)
Normal: (0.177127, -0.0957876, 0.979516)
Normal: (0.137675, 0.57673, 0.80525)
Normal: (-0.198235, 0.699612, 0.686474)
Normal: (-0.322851, 0.138928, 0.936198)
Normal: (0.98194, -0.0512254, 0.182124)
Normal: (0.963014, -0.108034, 0.246847)
Normal: (0.676415, -0.521933, 0.519662)
Normal: (0.89986, -0.115164, 0.420701)
Normal: (0.379591, -0.123023, 0.916938)
Normal: (0.887872, -0.0717239, 0.454465)
Normal: (0.728574, -0.0665666, 0.681725)
Normal: (0.607603, -0.128401, 0.783793)
Normal: (0.678219, -0.116212, 0.725612)
Normal: (0.993921, 0.0191458, 0.108414)
Normal: (0.917852, 0.339132, -0.206244)
Normal: (0.771473, -0.03269, 0.635422)
Normal: (0.755213, 0.00196, 0.655477)
Normal: (0.560311, 0.60567, 0.564992)
Normal: (0.121385, -0.242525, 0.962521)
Normal: (0.197873, -0.044784, 0.979204)
Normal: (0.243479, 0.433133, 0.867821)
Normal: (-0.128824, 0.512735, 0.848827)
Normal: (0.474586, 0.355958, 0.805023)
Normal: (-0.167297, 0.806135, 0.56759)
Normal: (0.13239, -0.596575, 0.791563)
Normal: (-0.106788, 0.682992, 0.722577)
Normal: (0.224499, 0.640091, 0.734768)
Normal: (0.517196, 0.620884, 0.589077)
Normal: (0.575756, 0.4025, 0.711688)
Normal: (0.115534, 0.268472, 0.956334)
Normal: (0.622249, 0.690133, 0.369489)
Normal: (-0.788034, -0.45245, 0.417482)
Normal: (-0.75233, -0.0708848, 0.654961)
Normal: (0.688062, -0.680041, 0.253209)
Normal: (0.348561, -0.00188963, 0.937284)
Normal: (0.368815, -0.189127, 0.910059)
Normal: (-0.32398, -0.34877, 0.87943)
Normal: (-0.756761, -0.0498874, 0.651785)
Normal: (-0.551815, -0.788673, -0.2711)
Normal: (-0.0538325, -0.358358, -0.932031)
Normal: (0.433779, -0.492857, -0.754273)
Normal: (0.287036, -0.391335, -0.874338)
Normal: (0.966882, -0.254881, -0.013265)
Normal: (0.21161, 0.0333445, 0.976785)
Normal: (0.163688, 0.100389, 0.981391)
Normal: (0.450873, 0.0729595, 0.889601)
Normal: (0.557309, 0.0218615, 0.830017)
Normal: (0.317846, -0.926174, -0.202915)
Normal: (0.443186, -0.422952, 0.790378)
Normal: (0.290935, -0.884057, 0.365787)
Normal: (-0.103593, 0.437157, 0.893399)
Normal: (-0.482421, 0.378358, 0.79001)
Normal: (-0.554852, -0.648017, 0.52174)
Normal: (-0.574343, -0.669691, -0.47079)
Normal: (0.989095, 0.0717606, 0.12861)
Normal: (0.693729, 0.256365, -0.673065)
Normal: (0.45745, -0.190538, 0.868582)
Normal: (0.637722, -0.0432921, 0.769049)
Normal: (0.0157467, -0.106181, 0.994222)
Normal: (0.136453, -0.111782, 0.98432)
Normal: (-0.296359, -0.148259, 0.943499)
Normal: (-0.896853, 0.0822091, 0.434622)
Normal: (-0.260039, 0.961754, 0.0860743)
Normal: (-0.552445, -0.254125, 0.793867)
Normal: (0.648299, 0.683716, -0.335022)
Normal: (0.459668, -0.385002, 0.800299)
Normal: (0.775024, 0.133234, 0.617727)
Normal: (0.925171, 0.278815, -0.25753)
Normal: (0.992428, 0.0516846, -0.111427)
Normal: (0.891956, -0.00931268, 0.452026)
Normal: (0.554766, 0.831932, 0.011113)
Normal: (0.83257, 0.543803, 0.105381)
Normal: (0.754696, 0.253591, 0.605083)
Normal: (0.505031, 0.705584, -0.497087)
Normal: (0.421497, 0.853279, -0.307009)
Normal: (-0.858432, -0.231859, 0.457532)
Normal: (-0.110054, -0.130562, 0.985313)
Normal: (0.990045, 0.110445, 0.0872523)
Normal: (0.725614, -0.0243722, 0.687671)
Normal: (0.3036, -0.135323, 0.943141)
Normal: (0.119379, -0.158349, 0.98014)
Normal: (-0.47742, -0.380368, 0.79208)
Normal: (-0.836945, -0.36731, 0.405718)
Normal: (-0.396451, 0.916178, 0.058698)
Normal: (0.181682, -0.807606, -0.561039)
Normal: (0.795598, -0.330446, -0.507768)
Normal: (0.877622, 0.322441, 0.3547)
Normal: (-0.823456, -0.392124, 0.410073)
Normal: (0.429715, -0.684342, 0.589085)
Normal: (0.52521, -0.470478, 0.709087)
Normal: (0.421045, 0.801341, 0.424939)
Normal: (0.423786, -0.248645, 0.870966)
Normal: (0.645697, -0.310108, 0.697788)
Normal: (0.536662, -0.485685, 0.690002)
Normal: (0.363433, -0.607109, 0.706636)
Normal: (0.553664, -0.629481, 0.545169)
Normal: (0.619475, 0.336725, 0.709131)
Normal: (0.521332, -0.588787, 0.617692)
Normal: (0.488349, 0.349383, 0.799654)
Normal: (0.386064, -0.80922, 0.442852)
Normal: (0.468706, -0.00914622, 0.883307)
Normal: (0.664401, -0.1175, 0.738082)
Normal: (0.278909, 0.838575, 0.467976)
Normal: (0.305132, 0.824977, 0.475719)
Normal: (0.510779, -0.130947, 0.849681)
Normal: (0.575395, -0.619757, 0.533687)
Normal: (0.659996, -0.667461, 0.34482)
Normal: (0.683907, -0.619857, 0.384771)
Normal: (0.712054, -0.179536, 0.678783)
Normal: (0.896588, 0.0581874, 0.439027)
Normal: (0.678361, -0.491451, 0.546171)
Normal: (0.659803, -0.652916, 0.371968)
Normal: (0.822772, -0.321851, 0.468464)
Normal: (0.714456, -0.10832, 0.691244)
Normal: (0.913758, 0.042323, 0.40405)
Normal: (0.72031, 0.392312, 0.572054)
Normal: (0.776746, 0.269884, 0.569059)
Normal: (0.481827, -0.809048, 0.336577)
Normal: (0.874872, 0.226162, 0.428311)
Normal: (0.418644, 0.84101, 0.342693)
Normal: (0.733655, -0.181676, 0.654786)
Normal: (0.788484, 0.398049, 0.468882)
Normal: (0.57949, -0.784358, 0.221301)
Normal: (0.819801, 0.54825, 0.165372)
Normal: (0.523139, 0.851455, 0.0367335)
Normal: (0.86074, -0.302504, 0.409412)
Normal: (0.947302, -0.289813, 0.13648)
Normal: (0.758261, -0.628086, 0.174781)
Normal: (0.897903, 0.434586, 0.0700351)
Normal: (0.845041, -0.51488, 0.144235)
Normal: (0.961219, 0.148704, 0.232259)
Normal: (0.987497, 0.0185139, 0.156547)
Normal: (0.509843, 0.842195, 0.175407)
Normal: (0.952754, 0.287127, 0.0990857)
Normal: (0.00332142, 0.999625, -0.027186)
Normal: (0.000192763, 0.999623, -0.0274533)
Normal: (0.922611, 0.382449, -0.050215)
Normal: (0.850127, -0.505641, -0.14701)
Normal: (0.517151, -0.855891, 0.00258816)
Normal: (0.956306, 0.245909, -0.158141)
Normal: (0.628054, 0.768974, -0.119277)
Normal: (0.938969, -0.311121, -0.146764)
Normal: (0.969844, -0.241241, -0.0347054)
Normal: (0.780891, -0.6132, -0.119146)
Normal: (0.865601, -0.489501, -0.105469)
Normal: (0.876968, 0.480458, 0.00935569)
Normal: (0.926436, 0.302491, -0.224087)
Normal: (0.523864, -0.850992, 0.0371361)
Normal: (0.521093, -0.843689, -0.129043)
Normal: (0.585096, 0.810846, 0.013808)
Normal: (0.997627, 0.0285407, 0.0626594)
Normal: (0.947819, 0.167986, -0.270961)
Normal: (0.0345717, 0.99894, -0.0304035)
Normal: (0.549075, -0.766625, -0.332871)
Normal: (0.8987, 0.300681, -0.319263)
Normal: (0.662818, 0.657732, -0.357856)
Normal: (0.855649, -0.278461, -0.436263)
Normal: (0.707471, -0.646738, -0.284981)
Normal: (0.513465, -0.7622, -0.394215)
Normal: (0.727324, -0.646878, -0.229234)
Normal: (0.771026, -0.452735, -0.447827)
Normal: (0.470593, -0.854417, -0.220257)
Normal: (0.952, 0.0812664, -0.295114)
Normal: (0.843981, -0.157839, -0.512624)
Normal: (0.557797, 0.807707, -0.190977)
Normal: (0.384072, -0.842059, -0.378716)
Normal: (0.400979, -0.79356, -0.457688)
Normal: (0.719836, 0.270935, -0.639086)
Normal: (0.802071, -0.274878, -0.530212)
Normal: (0.630071, -0.301896, -0.71545)
Normal: (0.392388, -0.860634, -0.324564)
Normal: (0.349466, 0.815928, -0.460581)
Normal: (0.585229, -0.346321, -0.733191)
Normal: (0.541992, -0.646039, -0.537474)
Normal: (0.771163, 0.14571, -0.619739)
Normal: (0.555, 0.282083, -0.782563)
Normal: (0.630304, -0.608827, -0.481711)
Normal: (0.463644, -0.61087, -0.641772)
Normal: (0.509667, -0.561777, -0.651649)
Normal: (0.559571, -0.371553, -0.74083)
Normal: (0.694018, -0.052524, -0.718039)
Normal: (0.634403, 0.434083, -0.639613)
Normal: (0.582661, 0.290267, -0.759112)
Normal: (0.388375, -0.8499, -0.356139)
Normal: (0.697073, -0.20602, -0.686764)
Normal: (0.447903, 0.817182, -0.362763)
Normal: (0.327891, 0.809111, -0.487674)
Normal: (0.328729, 0.810807, -0.484283)
Normal: (0.805798, -0.132632, -0.577146)
Normal: (0.251113, -0.795461, -0.551529)
Normal: (0.186367, -0.847653, -0.496741)
Normal: (0.376814, 0.00821618, -0.926252)
Normal: (0.385379, 0.321352, -0.864995)
Normal: (0.294741, -0.751861, -0.589773)
Normal: (0.234479, -0.634315, -0.736657)
Normal: (0.412287, -0.209587, -0.886619)
Normal: (0.322386, -0.307861, -0.895148)
Normal: (0.362712, -0.680809, -0.636349)
Normal: (0.462565, -0.267336, -0.84532)
Normal: (0.231157, -0.568541, -0.789511)
Normal: (0.382138, 0.0179926, -0.92393)
Normal: (0.312448, 0.130164, -0.940975)
Normal: (0.410671, 0.434963, -0.801347)
Normal: (0.19882, -0.871501, -0.448283)
Normal: (0.565028, 0.0583311, -0.823007)
Normal: (0.337046, 0.0600444, -0.939571)
Normal: (0.296312, -0.123323, -0.947096)
Normal: (0.206, 0.800808, -0.56238)
Normal: (0.510962, 0.199973, -0.836019)
Normal: (0.0582828, -0.776502, -0.627414)
Normal: (0.0941769, -0.217844, -0.971429)
Normal: (0.00849329, -0.77597, -0.630713)
Normal: (0.0344812, -0.27764, -0.960066)
Normal: (0.126614, -0.662508, -0.738276)
Normal: (-0.0270223, -0.768035, -0.639837)
Normal: (0.152989, -0.358062, -0.921079)
Normal: (0.256817, 0.199853, -0.945571)
Normal: (-0.0406975, 0.397797, -0.91657)
Normal: (-0.0447596, -0.618179, -0.784762)
Normal: (0.0123087, -0.0504678, -0.99865)
Normal: (-0.00884322, 0.410234, -0.911937)
Normal: (0.016076, -0.864384, -0.502575)
Normal: (0.0255414, -0.101411, -0.994517)
Normal: (0.0714141, 0.818485, -0.570073)
Normal: (0.175599, 0.233766, -0.956305)
Normal: (-0.000376073, 0.999289, -0.0377111)
Normal: (-0.03776, -0.846277, -0.531403)
Normal: (-0.163785, -0.215533, -0.962663)
Normal: (-0.332701, -0.66144, -0.672166)
Normal: (-0.154769, -0.867123, -0.473439)
Normal: (-0.324262, 0.101993, -0.940453)
Normal: (-0.126403, 0.594753, -0.793909)
Normal: (-0.130335, 0.859267, -0.494644)
Normal: (-0.256126, -0.279063, -0.925485)
Normal: (-0.198172, -0.622011, -0.757516)
Normal: (-0.362414, 0.461215, -0.8099)
Normal: (-0.248913, -0.538052, -0.805322)
Normal: (-0.216472, -0.000842095, -0.976288)
Normal: (-0.187099, -0.862833, -0.469587)
Normal: (-0.261551, -0.826242, -0.498914)
Normal: (-0.180816, 0.206865, -0.961516)
Normal: (-0.00555101, 0.998764, -0.0493941)
Normal: (-0.265468, -0.820541, -0.506201)
Normal: (-0.434692, -0.444578, -0.783195)
Normal: (-0.622505, 0.0828827, -0.778215)
Normal: (-0.655971, 0.371157, -0.657224)
Normal: (-0.542446, 0.273703, -0.794254)
Normal: (-0.399517, -0.443658, -0.802218)
Normal: (-0.590972, -0.53563, -0.603201)
Normal: (-0.594569, -0.335014, -0.730926)
Normal: (-0.671421, 0.0416428, -0.739905)
Normal: (-0.499734, -0.537665, -0.679104)
Normal: (-0.568178, -0.563102, -0.600075)
Normal: (-0.593708, 0.124138, -0.795048)
Normal: (-0.624293, 0.431335, -0.651312)
Normal: (-0.43389, -0.0181099, -0.900784)
Normal: (-0.396074, 0.798198, -0.453878)
Normal: (-0.455202, -0.140018, -0.87931)
Normal: (-0.435803, -0.823382, -0.363481)
Normal: (-0.596155, -0.761175, -0.255365)
Normal: (-0.44179, -0.819391, -0.365266)
Normal: (-0.765335, 0.267151, -0.585571)
Normal: (-0.735209, -0.146432, -0.661835)
Normal: (-0.859588, -0.330517, -0.389701)
Normal: (-0.412448, -0.860469, -0.299132)
Normal: (-0.756169, -0.333978, -0.562732)
Normal: (-0.639712, -0.664159, -0.386862)
Normal: (-0.668524, -0.661572, -0.339704)
Normal: (-0.861047, -0.206068, -0.464902)
Normal: (-0.69725, -0.216172, -0.683456)
Normal: (-0.479226, 0.826863, -0.294346)
Normal: (-0.828309, 0.205568, -0.521196)
Normal: (-0.86912, -0.0156402, -0.494353)
Normal: (-0.530451, -0.832963, -0.157462)
Normal: (-0.637743, -0.767936, -0.0596562)
Normal: (-0.904089, 0.315997, -0.287695)
Normal: (-0.935466, -0.337087, -0.106183)
Normal: (-0.864418, 0.451106, -0.222001)
Normal: (-0.949757, -0.21285, -0.229471)
Normal: (-0.74549, -0.652179, -0.137502)
Normal: (-0.906741, 0.374183, -0.19444)
Normal: (-0.775299, -0.619999, -0.120471)
Normal: (-0.925786, -0.11362, -0.360571)
Normal: (-0.89658, 0.417879, -0.1467)
Normal: (-0.98085, 0.0817053, -0.176798)
Normal: (-0.531671, 0.808447, -0.252465)
Normal: (-0.967431, 0.0294541, -0.251414)
Normal: (-0.0549761, 0.997387, -0.0468748)
Normal: (-0.0324453, 0.9988, -0.0366977)
Normal: (-0.929544, 0.342978, 0.135329)
Normal: (-0.980613, 0.0339017, 0.192998)
Normal: (-0.971404, -0.236104, 0.0250793)
Normal: (-0.944885, 0.271535, 0.182925)
Normal: (-0.997419, -0.0511433, -0.0503919)
Normal: (-0.939491, 0.303567, 0.15876)
Normal: (-0.958624, 0.243778, 0.147012)
Normal: (-0.997042, -0.0150587, 0.0753682)
Normal: (-0.998965, -0.0198393, 0.0409266)
Normal: (-0.757648, -0.381227, 0.52975)
Normal: (-0.746453, -0.515146, 0.421228)
Normal: (-0.686367, -0.58951, 0.425886)
Normal: (-0.834932, 0.484826, 0.260447)
Normal: (-0.715248, 0.629512, 0.303538)
Normal: (-0.784326, -0.178918, 0.593987)
Normal: (-0.909221, -0.256089, 0.328232)
Normal: (-0.815846, -0.462644, 0.346922)
Normal: (-0.748215, -0.549231, 0.372181)
Normal: (-0.829349, -0.19508, 0.523568)
Normal: (-0.868599, 0.348289, 0.352464)
Normal: (-0.47508, 0.827935, 0.29803)
Normal: (-0.940144, 0.099448, 0.325943)
Normal: (-0.940132, 0.0998709, 0.325848)
Normal: (-0.363223, -0.805359, 0.468473)
Normal: (-0.659007, 0.32301, 0.679246)
Normal: (-0.61449, 0.622377, 0.484817)
Normal: (-0.742282, -0.253994, 0.620084)
Normal: (-0.779897, 0.0652042, 0.622502)
Normal: (-0.613973, -0.507721, 0.604364)
Normal: (-0.732858, -0.238521, 0.637202)
Normal: (-0.651967, 0.0179129, 0.758036)
Normal: (-0.664297, 0.40081, 0.63092)
Normal: (-0.65592, 0.413205, 0.631689)
Normal: (-0.602169, -0.0147015, 0.798234)
Normal: (-0.31494, 0.854603, 0.412876)
Normal: (-0.536887, 0.343995, 0.770337)
Normal: (-0.0210554, 0.99972, -0.0108089)
Normal: (-0.000226514, 0.999633, -0.0270863)
Normal: (-0.483858, -0.416068, 0.769915)
Normal: (-0.407044, 0.273712, 0.871434)
Normal: (-0.362771, 0.65208, 0.665724)
Normal: (-0.459906, -0.214321, 0.861715)
Normal: (-0.289174, -0.0497572, 0.955983)
Normal: (-0.375679, -0.428874, 0.821543)
Normal: (-0.415519, 0.417171, 0.808277)
Normal: (-0.303037, 0.301325, 0.904086)
Normal: (-0.37488, 0.311884, 0.873037)
Normal: (-0.236825, -0.840403, 0.48748)
Normal: (-0.176222, -0.791858, 0.584729)
Normal: (-0.349594, 0.0764916, 0.933773)
Normal: (-0.20999, 0.83923, 0.501595)
Normal: (-0.394378, -0.19969, 0.896989)
Normal: (-0.236162, 0.362952, 0.901384)
Normal: (-0.0845273, -0.714747, 0.694256)
Normal: (-0.108702, -0.786141, 0.608413)
Normal: (-0.167135, -0.10048, 0.980801)
Normal: (-0.0686795, -0.382936, 0.921218)
Normal: (-0.033678, 0.390205, 0.920112)
Normal: (-0.0993194, -0.551539, 0.828215)
Normal: (-0.196462, -0.729878, 0.654737)
Normal: (0.0430768, -0.602557, 0.796913)
Normal: (-0.100259, 0.285652, 0.953075)
Normal: (-0.0892896, -0.496574, 0.86339)
Normal: (-0.195646, 0.0804698, 0.977367)
Normal: (0.104098, -0.231124, 0.967339)
Normal: (-0.143006, 0.467178, 0.872522)
Normal: (0.0771718, 0.422587, 0.903031)
Normal: (-0.0838008, -0.831075, 0.54981)
Normal: (0.00100531, 0.999999, -0.00127486)
Normal: (0.121727, -0.757708, 0.641141)
Normal: (0.0627588, -0.73971, 0.669993)
Normal: (0.23834, -0.771583, 0.589791)
Normal: (0.239651, -0.610959, 0.754518)
Normal: (0.301629, -0.376787, 0.875815)
Normal: (0.356687, 0.603343, 0.713269)
Normal: (0.222113, -0.159529, 0.961882)
Normal: (0.193954, -0.456499, 0.868326)
Normal: (0.131825, -0.73023, 0.670363)
Normal: (0.132701, 0.190971, 0.972585)
Normal: (0.403848, 0.17821, 0.8973)
Normal: (0.311962, 0.428812, 0.847821)
Normal: (0.181679, -0.830667, 0.526294)
Normal: (0.126372, 0.839345, 0.528706)
Normal: (0.221809, -0.0982014, 0.970133)
Normal: (0.124608, 0.259522, 0.957664)
Normal: (0.499024, 0.116974, 0.858657)
Normal: (0.771596, -0.0467926, 0.63439)
Normal: (0.894671, -0.113, -0.432198)
Normal: (0.703873, -0.00667926, -0.710294)
Normal: (-0.0545331, -0.0516318, -0.997176)
Normal: (-0.480177, 0.0488294, -0.875812)
Normal: (-0.937201, 0.0444821, -0.345943)
Normal: (-0.997819, 0.0346607, 0.0561847)
Normal: (-0.889968, -0.135207, 0.435519)
Normal: (-0.866312, -0.0562422, 0.496328)
Normal: (-0.625972, 0.0591742, 0.777597)
Normal: (-0.377264, 0.062238, 0.924012)
Normal: (-0.526523, 0.00536599, 0.850144)
Normal: (-0.129892, -0.0351576, 0.990905)
Normal: (-0.116335, -0.0345981, 0.992607)
Normal: (-0.896078, -0.148021, 0.418489)
Normal: (-0.244779, 0.903043, -0.352981)
Normal: (0.526656, 0.84748, 0.0664152)
Normal: (-0.7565, 0.628674, 0.180214)
Normal: (-0.159855, 0.911826, 0.37818)
Normal: (-0.364121, 0.756294, 0.54354)
Normal: (-0.0886505, 0.924322, -0.371174)
Normal: (-0.369644, 0.929156, -0.00571392)
Normal: (0.309767, 0.825593, -0.471636)
Normal: (0.232775, 0.939498, -0.251317)
Normal: (-0.0741379, 0.996376, -0.0417031)
Normal: (0.213986, 0.910921, -0.35275)
Normal: (0.523469, 0.851914, 0.0149065)
Normal: (0.215582, 0.954511, 0.205994)
Normal: (0.268122, 0.794505, 0.54486)
Normal: (-0.430198, 0.867868, 0.248466)
Normal: (-0.600757, 0.60785, 0.519239)
Normal: (0.574267, 0.818659, 0.00380026)
Normal: (-0.370059, 0.909233, 0.190661)
Normal: (-0.603144, 0.784368, -0.144861)
Normal: (-0.604356, 0.783622, -0.143841)
Normal: (0.179982, 0.936555, 0.300786)
Normal: (0.297066, 0.947722, 0.116507)
Normal: (0.303774, 0.947796, 0.0969731)
Normal: (0.231134, 0.903804, -0.360159)
Normal: (0.259117, 0.955777, -0.139101)
Normal: (0.182548, 0.961776, 0.204113)
Normal: (-0.0374637, 0.993983, -0.102924)
Normal: (0.33599, 0.918846, -0.206959)
Normal: (-0.176194, 0.932655, 0.314819)
Normal: (-0.338519, 0.933449, 0.118653)
Normal: (-0.867858, -0.152539, 0.472816)
Normal: (0.875416, 0.481588, 0.0414779)
Normal: (0.378146, 0.2566, 0.889473)
Normal: (-0.933497, 0.358399, -0.0115259)
Normal: (0.584132, 0.0357621, -0.810871)
Normal: (-0.12139, -0.0454473, 0.991564)
Normal: (0.379674, 0.0628408, 0.922984)
Normal: (0.0487478, -0.0226836, 0.998554)
Normal: (0.355948, -0.645768, -0.675488)
Normal: (0.854758, -0.307286, -0.418287)
Normal: (0.849835, 0.111986, -0.515013)
Normal: (0.64607, 0.0311728, -0.762642)
Normal: (0.772798, 0.184633, -0.607202)
Normal: (0.462529, 0.0555147, -0.884864)
Normal: (0.865951, 0.17961, -0.466764)
Normal: (0.643037, 0.42021, -0.640256)
Normal: (-0.337884, 0.153472, -0.928591)
Normal: (-0.63432, -0.0841438, -0.768478)
Normal: (-0.723751, -0.274808, -0.632981)
Normal: (0.0588383, -0.168141, -0.984006)
Normal: (-0.393609, -0.0966306, -0.914185)
Normal: (-0.092909, -0.124472, -0.987864)
Normal: (0.100735, -0.384906, -0.917442)
Normal: (0.842508, 0.526951, 0.111814)
Normal: (0.676268, 0.681591, -0.279455)
Normal: (-0.635229, -0.112239, -0.764125)
Normal: (0.174161, 0.0969246, -0.979936)
Normal: (-0.451046, 0.00384241, -0.892492)
Normal: (0.909697, -0.409294, 0.0702187)
Normal: (0.725897, 0.00689366, 0.687769)
Normal: (0.743941, -0.157288, 0.64947)
Normal: (0.70405, 0.0185276, 0.709909)
Normal: (0.627103, 0.104231, 0.771931)
Normal: (0.724907, 0.0751774, 0.684732)
Normal: (0.429943, -0.220421, 0.875536)
Normal: (0.684899, -0.0675651, 0.725499)
Normal: (0.629107, 0.768282, -0.118184)
Normal: (0.800667, 0.538154, -0.263294)
Normal: (0.693666, 0.438039, -0.571794)
Normal: (0.554568, 0.270048, -0.787101)
Normal: (0.366009, -0.0621161, -0.928536)
Normal: (0.668105, -0.143367, -0.730124)
Normal: (-0.255435, -0.401179, 0.879664)
Normal: (-0.0154437, 0.0170279, 0.999736)
Normal: (0.317953, 0.0677305, 0.945684)
Normal: (0.170083, 0.521637, 0.836042)
Normal: (0.533458, -0.533768, -0.656136)
Normal: (0.967089, 0.0480572, -0.24986)
Normal: (0.971951, -0.0268352, -0.233649)
Normal: (0.906424, 0.351458, -0.234248)
Normal: (0.799573, 0.597068, -0.0647507)
Normal: (-0.15566, -0.163104, -0.974252)
Normal: (0.213677, 0.159919, -0.963726)
Normal: (-0.236403, -0.0833111, -0.968077)
Normal: (-0.997484, -0.0355338, 0.0613488)
Normal: (0.541221, -0.352384, 0.763482)
Normal: (0.446099, -0.105933, 0.888692)
Normal: (-0.119409, -0.0298668, 0.992396)
Normal: (0.697038, -0.163785, 0.698078)
Normal: (-0.0689894, -0.335139, 0.939639)
Normal: (-0.110919, -0.20542, 0.972368)
Normal: (-0.0485549, 0.0168402, 0.998679)
Normal: (0.387386, 0.872462, 0.297896)
Normal: (0.920336, 0.205889, -0.332554)
Normal: (0.995963, 0.0017317, 0.0897455)
Normal: (0.80863, 0.286369, -0.513916)
Normal: (0.967899, 0.0175899, -0.250723)
Normal: (0.990819, -0.116784, 0.0681136)
Normal: (0.959634, -0.203857, -0.193766)
Normal: (0.96441, -0.263971, -0.0152714)
Normal: (0.893592, 0.203336, -0.400186)
Normal: (0.907623, 0.208835, -0.364155)
Normal: (0.9774, 0.130402, -0.166385)
Normal: (0.852455, 0.337732, -0.39907)
Normal: (-0.667386, -0.383863, -0.638158)
Normal: (-0.219972, -0.418006, -0.88141)
Normal: (0.941403, -0.240939, -0.236025)
Normal: (0.697589, 0.234378, -0.677079)
Normal: (0.0863611, -0.139699, -0.986421)
Normal: (-0.0166004, 0.135, -0.990707)
Normal: (0.948182, 0.251198, 0.194552)
Normal: (0.596083, 0.678262, -0.429705)
Normal: (0.311155, -0.473114, 0.824225)
Normal: (0.930434, -0.278061, 0.238696)
Normal: (0.704221, -0.0718554, 0.706335)
Normal: (0.190202, -0.0896431, 0.977644)
Normal: (0.612762, 0.0411295, 0.789197)
Normal: (0.69353, 0.110358, -0.711925)
Normal: (0.992096, -0.00377616, -0.125424)
Normal: (-0.524875, 0.0964314, -0.845699)
Normal: (-0.491573, -0.210263, -0.845071)
Normal: (-0.572955, 0.607875, -0.549736)
Normal: (-0.0335481, 0.643574, -0.764648)
Normal: (-0.949735, 0.169264, -0.263349)
Normal: (-0.724106, -0.272645, -0.63351)
Normal: (-0.271005, -0.954184, 0.126841)
Normal: (-0.508115, 0.575525, -0.640773)
Normal: (-0.796717, -0.0926825, -0.597204)
Normal: (-0.733912, -0.0686364, -0.675768)
Normal: (-0.920503, 0.0466149, -0.387944)
Normal: (-0.699084, -0.423818, -0.575899)
Normal: (-0.564572, -0.818994, -0.10251)
Normal: (-0.348267, -0.907022, -0.23669)
Normal: (-0.170757, -0.844671, -0.507319)
Normal: (-0.175196, -0.160553, -0.971354)
Normal: (-0.590654, -0.769873, 0.241708)
Normal: (-0.7582, -0.454638, 0.467374)
Normal: (-0.791705, -0.408782, 0.453983)
Normal: (-0.739352, -0.11391, -0.663614)
Normal: (-0.929953, -0.338891, -0.14262)
Normal: (-0.889585, -0.449334, 0.082077)
Normal: (-0.709236, -0.380425, 0.593516)
Normal: (-0.758503, -0.404028, 0.511306)
Normal: (-0.00790442, 0.154169, -0.988013)
Normal: (-0.708007, -0.097934, 0.699382)
Normal: (-0.977824, 0.0207699, 0.208396)
Normal: (-0.867155, -0.193749, 0.458807)
Normal: (-0.866002, 0.431948, 0.251914)
Normal: (-0.868323, 0.439849, 0.229235)
Normal: (-0.807075, 0.490583, 0.328572)
Normal: (-0.913293, 0.0298566, 0.406207)
Normal: (-0.725448, -0.134283, -0.67505)
Normal: (-0.75943, -0.34655, -0.550609)
Normal: (-0.856027, -0.147855, -0.495335)
Normal: (-0.251364, 0.540896, -0.80265)
Normal: (-0.0874991, 0.348077, -0.933374)
Normal: (0.204743, 0.399059, -0.893774)
Normal: (-0.16607, 0.532871, -0.829741)
Normal: (0.5286, 0.802745, -0.276011)
Normal: (0.798703, 0.447648, -0.4021)
Normal: (0.514044, 0.279807, -0.810843)
Normal: (0.318938, 0.339814, -0.884762)
Normal: (0.872177, 0.18841, -0.451452)
Normal: (0.451455, 0.260856, -0.853313)
Normal: (-0.0310559, -0.20222, -0.978848)
Normal: (-0.20626, 0.313764, -0.926828)
Normal: (-0.0117984, 0.932554, 0.360839)
Normal: (0.165386, 0.53796, -0.826587)
Normal: (-0.691799, -0.407721, -0.595968)
Normal: (0.0820381, 0.774721, -0.626959)
Normal: (-0.515025, 0.722911, -0.460597)
Normal: (-0.204777, 0.942635, -0.263639)
Normal: (-0.204186, 0.639185, -0.741452)
Normal: (-0.813836, 0.192009, -0.548456)
Normal: (0.485102, 0.510723, -0.709816)
Normal: (-0.948851, 0.0311824, 0.314182)
Normal: (-0.998335, 0.0410573, 0.0405233)
Normal: (-0.841023, -0.348591, -0.41372)
Normal: (-0.445585, -0.480617, -0.755289)
Normal: (-0.881937, -0.470657, 0.0258841)
Normal: (-0.0599121, -0.058314, -0.996499)
Normal: (-0.927806, 0.269532, 0.257931)
Normal: (-0.87261, 0.48092, 0.0852512)
Normal: (-0.867166, 0.489063, 0.0940294)
Normal: (-0.976214, 0.0687103, 0.205634)
Normal: (0.148277, 0.836183, 0.528026)
Normal: (-0.881936, -0.25759, 0.394762)
Normal: (-0.00145994, 0.667202, -0.744876)
Normal: (-0.483885, -0.200184, -0.851929)
Normal: (-0.618546, 0.115492, -0.777214)
Normal: (-0.758871, 0.166987, -0.629468)
Normal: (-0.841748, -0.518987, -0.148706)
Normal: (-0.774786, -0.45994, 0.433776)
Normal: (-0.867853, -0.33088, -0.370608)
Normal: (-0.763115, -0.286847, -0.579115)
Normal: (0.108355, 0.295211, -0.949268)
Normal: (0.281348, 0.373059, -0.884121)
Normal: (0.751743, 0.47435, -0.458121)
Normal: (0.846054, 0.437155, -0.305102)
Normal: (-0.935789, -0.0987263, 0.338455)
Normal: (-0.931599, -0.332028, 0.147919)
Normal: (-0.121537, 0.430844, -0.894205)
Normal: (-0.975184, -0.21116, 0.0665393)
Normal: (-0.643516, 0.757935, -0.106874)
Normal: (-0.408967, 0.912547, -0.00183316)
Normal: (-0.47344, 0.374163, -0.797406)
Normal: (-0.50054, 0.32943, -0.800585)
Normal: (-0.468773, 0.20315, -0.859641)
Normal: (0.114982, 0.917844, -0.379924)
Normal: (0.0812278, 0.901035, -0.426072)
Normal: (-0.481561, -0.450968, -0.751483)
Normal: (-0.858699, -0.320084, -0.400228)
Normal: (0.218443, 0.181196, 0.95888)
Normal: (-0.964685, 0.140672, -0.222695)
Normal: (-0.968459, 0.19434, -0.155946)
Normal: (-0.873695, -0.482087, 0.0651837)
Normal: (0.330809, 0.240633, -0.912503)
Normal: (-0.679307, -0.201281, -0.705711)
Normal: (-0.511203, 0.239888, -0.825303)
Normal: (-0.555509, -0.744551, -0.370207)
Normal: (0.0135754, 0.66451, -0.747156)
Normal: (-0.183277, 0.845188, -0.502063)
Normal: (0.0507467, -0.790581, -0.610251)
Normal: (-0.552693, 0.736294, -0.390387)
Normal: (-0.0860395, -0.0498139, -0.995046)
Normal: (0.536801, -0.385058, -0.750716)
Normal: (-0.842561, 0.49095, -0.221494)
Normal: (-0.798329, -0.382334, -0.465286)
Normal: (-0.557486, -0.473764, -0.68173)
Normal: (-0.423421, 0.110831, -0.899128)
Normal: (-0.495505, -0.0379891, -0.867774)
Normal: (0.0669517, -0.113849, -0.99124)
Normal: (-0.875652, 0.123355, 0.466923)
Normal: (0.126765, 0.10755, -0.986085)
Normal: (-0.621158, -0.215165, -0.75357)
Normal: (0.184181, -0.7784, 0.600142)
Normal: (-0.505768, -0.398711, 0.765002)
Normal: (0.276495, -0.543196, 0.792773)
Normal: (0.0625354, -0.363003, 0.929687)
Normal: (0.597691, -0.437287, 0.671972)
Normal: (0.524432, -0.766814, 0.370091)
Normal: (0.531204, -0.779628, 0.331666)
Normal: (-0.886704, 0.241667, -0.394148)
Normal: (-0.272365, -0.179137, -0.945372)
Normal: (-0.465756, -0.212146, -0.859107)
Normal: (-0.925051, -0.084675, -0.370286)
Normal: (0.403679, -0.116488, -0.907454)
Normal: (-0.0831241, -0.182932, -0.979605)
Normal: (-0.3751, -0.10104, -0.921461)
Normal: (-0.95868, 0.278249, 0.0592388)
Normal: (-0.208619, -0.160308, -0.964769)
Normal: (-0.997039, -0.0473888, 0.0605614)
Normal: (0.520965, -0.264284, -0.811634)
Normal: (0.450282, 0.218965, -0.865621)
Normal: (-0.938447, 0.344889, -0.0191934)
Normal: (-0.00522454, -0.964203, -0.265113)
Normal: (-0.464004, -0.885782, 0.0095248)
Normal: (-0.40522, -0.884818, 0.229988)
Normal: (-0.895066, 0.340832, 0.287558)
Normal: (-0.809586, 0.216762, 0.545513)
Normal: (-0.58933, -0.753129, -0.292381)
Normal: (-0.600318, -0.799584, 0.0168386)
Normal: (-0.31203, -0.938173, -0.149894)
Normal: (-0.338974, -0.939987, 0.0390021)
Normal: (-0.304958, -0.940809, -0.147917)
Normal: (-0.380193, -0.923452, -0.0518591)
Normal: (-0.236817, -0.967772, 0.0856452)
Normal: (-0.289142, -0.945381, -0.150505)
Normal: (-0.723549, -0.674026, -0.14888)
Normal: (-0.505145, -0.64676, -0.571428)
Normal: (-0.977974, 0.10004, -0.183189)
Normal: (-0.289182, -0.42659, -0.856968)
Normal: (-0.0855644, -0.99633, -0.0020996)
Normal: (0.139999, -0.984548, 0.105193)
Normal: (0.301668, -0.946478, -0.114784)
Normal: (0.0602703, -0.924038, -0.37752)
Normal: (0.103546, -0.994502, 0.0156054)
Normal: (-0.112523, -0.940883, -0.319495)
Normal: (0.168318, -0.854793, -0.490916)
Normal: (0.157628, -0.899538, -0.407413)
Normal: (0.338092, -0.853424, -0.396688)
Normal: (0.571324, -0.790865, -0.219367)
Normal: (-0.142766, -0.576199, -0.804744)
Normal: (-0.632929, -0.187851, -0.751074)
Normal: (0.394684, -0.770182, -0.501043)
Normal: (0.347957, -0.229898, -0.908885)
Normal: (0.0489579, -0.145021, -0.988217)
Normal: (-0.181669, -0.162419, -0.969854)
Normal: (0.435485, 0.00621396, -0.900174)
Normal: (0.447699, -0.182708, -0.875319)
Normal: (0.336295, -0.205951, -0.918961)
Normal: (0.546063, -0.178056, -0.818603)
Normal: (0.352413, -0.123751, -0.927626)
Normal: (-0.225679, -0.151678, -0.962322)
Normal: (-0.357361, -0.0887967, -0.929736)
Normal: (-0.198235, -0.124559, -0.972208)
Normal: (0.656136, 0.00938511, -0.754584)
Normal: (-0.0542784, 0.64858, -0.759209)
Normal: (-0.688111, 0.159241, -0.707916)
Normal: (-0.352121, 0.301953, -0.885909)
Normal: (-0.743847, 0.0494997, -0.666515)
Normal: (-0.982015, -0.0781719, -0.171861)
Normal: (-0.893997, -0.181663, -0.409594)
Normal: (-0.550711, 0.692364, -0.466208)
Normal: (-0.993928, -0.0638233, -0.089629)
Normal: (-0.422543, -0.0096005, 0.906292)
Normal: (0.429645, -0.11579, -0.895543)
Normal: (0.446475, -0.0997982, -0.889214)
Normal: (0.0295316, -0.561574, -0.826899)
Normal: (0.129398, -0.640712, -0.756799)
Normal: (0.10163, -0.115096, -0.988142)
Normal: (-0.639357, -0.0853298, -0.76416)
Normal: (-0.0662478, 0.0404057, -0.996985)
Normal: (-0.0293614, -0.0826256, -0.996148)
Normal: (-0.679317, -0.155981, -0.717076)
Normal: (-0.733047, 0.0479636, -0.678484)
Normal: (-0.633046, 0.09439, -0.768338)
Normal: (0.0548758, 0.380774, -0.923038)
Normal: (-0.749448, -0.221851, -0.623786)
Normal: (-0.559853, 0.812022, -0.16488)
Normal: (-0.649303, 0.760452, -0.0108176)
Normal: (-0.648371, 0.356555, -0.672669)
Normal: (-0.219568, 0.233196, -0.947317)
Normal: (-0.199876, 0.398187, -0.895263)
Normal: (0.751388, 0.519367, -0.407032)
Normal: (-0.924472, 0.154366, -0.348602)
Normal: (-0.899393, -0.0477166, -0.434528)
Normal: (0.248233, -0.088234, -0.964674)
Normal: (-0.445402, 0.261034, -0.856434)
Normal: (-0.917489, -0.32179, 0.233806)
Normal: (0.50799, 0.820337, -0.262668)
Normal: (0.156963, -0.201293, -0.966873)
Normal: (0.263673, -0.260193, -0.928857)
Normal: (-0.220675, -0.262766, -0.939285)
Normal: (0.194305, -0.802245, -0.564489)
Normal: (-0.387718, -0.329547, -0.860856)
Normal: (-0.509095, -0.213342, -0.833851)
Normal: (0.0738553, -0.505211, 0.85983)
Normal: (0.3135, -0.667225, 0.675669)
Normal: (0.283881, -0.669126, 0.686791)
Normal: (0.779519, -0.191617, 0.59635)
Normal: (0.577896, 0.51267, 0.634984)
Normal: (0.825289, -0.386221, -0.411985)
Normal: (-0.173079, 0.0928236, -0.980524)
Normal: (-0.422013, -0.173214, -0.889889)
Normal: (-0.675922, -0.0967988, -0.730588)
Normal: (-0.394173, 0.176996, -0.901832)
Normal: (-0.391697, 0.145746, -0.908478)
Normal: (-0.317048, -0.0436549, -0.947404)
Normal: (-0.657363, 0.0830583, -0.748983)
Normal: (0.0466625, -0.972332, -0.228895)
Normal: (-0.863056, 0.453034, -0.223371)
Normal: (-0.444805, -0.890588, -0.0948785)
Normal: (-0.189894, -0.923721, 0.332685)
Normal: (-0.0560772, -0.110537, -0.992289)
Normal: (-0.397843, -0.239273, -0.885703)
Normal: (-0.261954, -0.100649, -0.959818)
Normal: (-0.691485, -0.151789, -0.706263)
Normal: (0.691785, 0.229733, -0.684585)
Normal: (0.740211, 0.211334, -0.638299)
Normal: (0.674296, 0.312751, -0.668963)
Normal: (0.457776, 0.018815, -0.888868)
Normal: (-0.131374, -0.29315, -0.946997)
Normal: (0.615875, -0.121572, -0.778407)
Normal: (0.472528, 0.477393, -0.740819)
Normal: (-0.0111096, 0.0841446, -0.996392)
Normal: (0.546078, 0.461922, -0.698875)
Normal: (-0.795485, -0.149755, -0.587177)
Normal: (-0.842333, -0.178291, -0.508614)
Normal: (-0.844843, -0.181778, -0.503187)
Normal: (-0.905075, -0.188372, -0.381254)
Normal: (-0.917117, -0.268108, -0.294983)
Normal: (-0.0772329, 0.0469031, -0.995909)
Normal: (0.433971, 0.17098, -0.884554)
Normal: (-0.0802615, -0.0655351, -0.994617)
Normal: (-0.943677, -0.139362, 0.300086)
Normal: (-0.686367, -0.204695, -0.697854)
Normal: (0.26175, 0.0487444, -0.963904)
Normal: (0.645397, 0.313512, -0.696544)
Normal: (-0.833609, -0.36897, 0.411043)
Normal: (-0.811613, -0.427028, 0.398662)
Normal: (-0.794738, -0.342323, 0.501206)
Normal: (0.0801894, 0.0418395, -0.995901)
Normal: (0.617825, 0.496884, -0.609425)
Normal: (0.762348, 0.0635701, -0.644038)
Normal: (0.416945, -0.674225, 0.609572)
Normal: (0.43708, -0.787186, -0.435085)
Normal: (0.705052, -0.598463, -0.380452)
Normal: (0.537325, 0.0958903, -0.837906)
Normal: (-0.226625, -0.630685, 0.742211)
Normal: (0.767254, 0.447285, -0.459628)
Normal: (-0.825521, -0.390041, 0.407901)
Normal: (0.1626, 0.369415, 0.914928)
Normal: (-0.0212236, 0.620917, 0.783589)
Normal: (0.23652, 0.102971, 0.966155)
Normal: (-0.494326, -0.0369839, 0.868489)
Normal: (0.185913, -0.00651702, 0.982545)
Normal: (-0.348, -0.148941, 0.925587)
Normal: (0.0410851, 0.0596662, 0.997373)
Normal: (-0.298488, 0.00912203, 0.95437)
Normal: (-0.745751, -0.212351, 0.631476)
Normal: (0.513121, -0.139338, 0.846931)
Normal: (0.593321, -0.524169, 0.610915)
Normal: (-0.308362, -0.847947, 0.43116)
Normal: (0.270383, -0.846295, 0.458997)
Normal: (-0.0557871, -0.888316, 0.455832)
Normal: (-0.784632, -0.559078, 0.267926)
Normal: (-0.846085, -0.430994, 0.313663)
Normal: (-0.598831, -0.329944, 0.729752)
Normal: (-0.831083, -0.394911, 0.391595)
Normal: (-0.559048, -0.418689, 0.715657)
Normal: (-0.648431, -0.389345, 0.654177)
Normal: (-0.839841, -0.452009, 0.300592)
Normal: (-0.884084, -0.269312, 0.381925)
Normal: (0.640739, 0.326391, 0.694926)
Normal: (-0.947277, 0.181509, 0.264046)
Normal: (-0.884241, -0.183698, 0.429387)
Normal: (0.340812, -0.469813, 0.814324)
Normal: (-0.581796, -0.569869, 0.580314)
Normal: (-0.622135, 0.338509, 0.705946)
Normal: (-0.641013, 0.409122, 0.649401)
Normal: (-0.729029, 0.417864, 0.542131)
Normal: (0.0369905, -0.205254, 0.97801)
Normal: (0.397023, 0.523041, 0.754189)
Normal: (0.525255, 0.742445, 0.415792)
Normal: (0.613652, 0.716632, 0.331467)
Normal: (0.832088, 0.413322, 0.369857)
Normal: (0.596332, 0.585697, 0.548951)
Normal: (0.749101, 0.398542, 0.529161)
Normal: (0.902129, 0.380385, 0.203645)
Normal: (0.881553, 0.390728, 0.264945)
Normal: (0.365296, 0.261702, 0.893348)
Normal: (0.678971, -0.0222347, 0.733828)
Normal: (0.788286, -0.25263, 0.561055)
Normal: (0.585526, 0.384555, 0.713637)
Normal: (0.411375, 0.269578, 0.870688)
Normal: (0.693915, 0.720047, 0.00373799)
Normal: (-0.448739, 0.0104783, 0.893602)
Normal: (-0.606723, 0.0774324, 0.791133)
Normal: (-0.475629, 0.0899233, 0.875038)
Normal: (0.239404, 0.892853, 0.381444)
Normal: (0.689545, 0.713913, -0.121881)
Normal: (-0.450886, -0.092701, 0.887755)
Normal: (0.429371, 0.640925, 0.636282)
Normal: (0.887379, 0.461024, -0.00399032)
Normal: (-0.71168, 0.036101, 0.701575)
Normal: (-0.86122, -0.378738, 0.338907)
Normal: (-0.0267516, -0.439396, 0.897895)
Normal: (0.232633, -0.290455, 0.92818)
Normal: (0.988991, -0.0335215, 0.144132)
Normal: (0.0764351, 0.00349882, 0.997068)
Normal: (-0.74394, 0.3542, 0.566653)
Normal: (-0.775962, 0.322877, 0.541879)
Normal: (-0.183006, 0.983105, 0.00377763)
Normal: (-0.179846, 0.981967, -0.0582738)
Normal: (-0.781142, 0.280441, -0.557826)
Normal: (-0.893744, -0.406122, 0.190493)
Normal: (-0.824382, -0.330682, 0.459396)
Normal: (0.144125, 0.17328, 0.97427)
Normal: (0.131436, 0.132218, 0.982468)
Normal: (0.131727, 0.126427, 0.983191)
Normal: (0.0678704, 0.956829, 0.282615)
Normal: (-0.0406236, 0.589372, 0.806839)
Normal: (0.419585, 0.444819, 0.791255)
Normal: (-0.247867, -0.210501, 0.945649)
Normal: (0.346017, -0.190168, 0.918754)
Normal: (-0.228052, -0.310903, 0.922677)
Normal: (-0.574679, -0.304617, 0.759574)
Normal: (0.0312265, 0.0628692, 0.997533)
Normal: (-0.0573031, -0.354307, 0.933372)
Normal: (-0.177312, -0.258374, 0.949633)
Normal: (0.844658, 0.274156, 0.459773)
Normal: (0.779995, 0.396755, -0.483935)
Normal: (-0.897577, 0.0489443, 0.438132)
Normal: (-0.694688, 0.564525, 0.44578)
Normal: (-0.405648, -0.123234, 0.905684)
Normal: (-0.730998, -0.207777, 0.649977)
Normal: (-0.359701, 0.804283, 0.473017)
Normal: (-0.211494, 0.831942, 0.512974)
Normal: (0.583799, 0.218087, 0.782059)
Normal: (-0.58617, 0.107596, 0.803012)
Normal: (0.327448, 0.885951, 0.328432)
Normal: (0.328034, -0.103652, 0.938962)
Normal: (-0.397098, 0.172759, 0.90137)
Normal: (0.940996, -0.184618, 0.283624)
Normal: (-0.070865, -0.115643, 0.99076)
Normal: (0.336829, -0.113722, 0.934673)
Normal: (-0.667764, -0.126012, 0.733629)
Normal: (0.962302, 0.152278, 0.225359)
Normal: (0.137741, -0.157113, 0.977928)
Normal: (0.0587831, -0.543663, 0.837242)
Normal: (0.0684419, -0.790127, 0.60911)
Normal: (0.379734, 0.674503, 0.633125)
Normal: (0.020851, 0.923776, 0.382366)
Normal: (0.673902, -0.282269, 0.682774)
Normal: (-0.0153311, -0.0752501, 0.997047)
Normal: (0.494466, -0.054195, 0.867506)
Normal: (0.365756, 0.00700386, 0.930684)
Normal: (0.482799, 0.0795278, 0.872113)
Normal: (0.335305, -0.0483251, 0.940869)
Normal: (-0.964391, -0.0767574, 0.253099)
Normal: (0.95306, -0.272603, -0.131774)
Normal: (0.98079, -0.0176126, -0.19427)
Normal: (0.953617, -0.290793, 0.0778068)
Normal: (0.779098, 0.202349, 0.593348)
Normal: (-0.773679, -0.405839, 0.486535)
Normal: (-0.186098, -0.966104, -0.178916)
Normal: (-0.463866, -0.585648, -0.664714)
Normal: (-0.8664, -0.462493, -0.188286)
Normal: (0.236882, -0.515373, -0.823576)
Normal: (0.192286, -0.67273, -0.714465)
Normal: (0.933877, -0.103565, 0.342269)
Normal: (0.217655, 0.124527, 0.968049)
Normal: (0.769606, -0.155251, 0.619357)
Normal: (0.771444, -0.153635, 0.617471)
Normal: (0.399518, 0.00965061, 0.916674)
Normal: (-0.313789, 0.212033, 0.925515)
Normal: (-0.409154, -0.146019, 0.900706)
Normal: (-0.419674, -0.151405, 0.894958)
Normal: (0.394544, 0.249076, 0.884475)
Normal: (-0.401162, 0.406118, 0.821058)
Normal: (-0.385832, 0.248366, 0.888509)
Normal: (-0.551524, 0.109738, 0.826909)
Normal: (0.209538, -0.950251, 0.230471)
Normal: (-0.251036, -0.878015, 0.407518)
Normal: (-0.251644, -0.835984, 0.487654)
Normal: (-0.531269, 0.489286, 0.69163)
Normal: (-0.602106, 0.0260576, 0.797991)
Normal: (-0.161172, -0.6949, 0.700812)
Normal: (-0.337979, -0.938793, 0.0666247)
Normal: (-0.0919493, -0.974419, 0.205068)
Normal: (0.257196, -0.620085, 0.741178)
Normal: (0.139139, -0.670647, 0.72861)
Normal: (-0.0364003, -0.947692, 0.317103)
Normal: (0.0893474, -0.986082, 0.140213)
Normal: (-0.0672583, -0.997089, 0.0359021)
Normal: (0.0664889, -0.995458, -0.0681289)
Normal: (0.26645, -0.957901, -0.106909)
Normal: (0.215339, -0.957181, 0.193477)
Normal: (0.287675, -0.929231, -0.231891)
Normal: (0.444834, -0.87588, -0.186969)
Normal: (0.417007, -0.439205, 0.795741)
Normal: (0.619488, -0.783989, 0.0399548)
Normal: (0.872647, -0.459412, -0.165614)
Normal: (0.506487, -0.0294661, 0.861744)
Normal: (0.928126, -0.0833423, 0.362816)
Normal: (0.996813, -0.0506099, -0.0616698)
Normal: (0.945908, -0.137985, -0.293629)
Normal: (0.999322, 0.0183168, -0.0319433)
Normal: (-0.11558, -0.0525326, 0.991908)
Normal: (-0.759799, 0.0675305, 0.646642)
Normal: (-0.524699, 0.300125, 0.796628)
Normal: (-0.212967, -0.239038, 0.947368)
Normal: (-0.0878965, -0.179084, 0.979899)
Normal: (-0.665615, -0.17678, 0.725056)
Normal: (-0.269345, -0.245332, 0.931271)
Normal: (0.732037, -0.0709632, 0.677559)
Normal: (0.664305, -0.56492, 0.489452)
Normal: (0.673708, -0.582759, 0.454433)
Normal: (0.783199, -0.192954, 0.591074)
Normal: (0.359637, -0.120612, 0.925264)
Normal: (0.79697, -0.151192, 0.584791)
Normal: (0.993523, 0.0851573, -0.0752275)
Normal: (0.892628, 0.426721, -0.145342)
Normal: (0.561389, -0.0620351, 0.825224)
Normal: (0.177835, -0.102333, 0.978725)
Normal: (-0.197293, -0.1395, 0.970369)
Normal: (-0.213266, -0.176147, 0.960984)
Normal: (0.857586, 0.0699443, 0.509563)
Normal: (0.784021, 0.508032, -0.356672)
Normal: (0.786759, 0.572467, -0.230851)
Normal: (0.402894, 0.246234, 0.881502)
Normal: (0.484168, 0.177403, 0.856802)
Normal: (-0.603757, 0.683278, 0.410621)
Normal: (-0.165871, 0.699031, 0.695587)
Normal: (0.432625, 0.445913, 0.78358)
Normal: (-0.0520953, 0.0760495, 0.995742)
Normal: (0.715028, 0.305924, 0.628606)
Normal: (0.930313, -0.0473949, 0.363691)
Normal: (0.927613, 0.336534, 0.162111)
Normal: (0.487074, 0.278619, 0.827726)
Normal: (0.29309, 0.876795, 0.381221)
Normal: (0.62855, 0.734727, -0.255148)
Normal: (-0.751339, 0.470808, 0.462417)
Normal: (-0.736059, 0.395377, 0.549449)
Normal: (0.926525, -0.234754, 0.294009)
Normal: (0.580962, -0.121994, 0.804736)
Normal: (0.78838, -0.490815, 0.370887)
Normal: (0.61245, -0.579809, 0.537332)
Normal: (0.375114, -0.924465, 0.0682136)
Normal: (0.46126, 0.197952, 0.864901)
Normal: (0.459477, -0.11105, 0.88122)
Normal: (0.36074, -0.203661, 0.910159)
Normal: (-0.305443, -0.588753, 0.748381)
Normal: (-0.462719, -0.74899, 0.474241)
Normal: (-0.856682, -0.514131, 0.042004)
Normal: (-0.194742, -0.9141, -0.355665)
Normal: (-0.390661, -0.504466, -0.769999)
Normal: (-0.234194, -0.421187, -0.876216)
Normal: (0.951613, -0.265392, -0.15492)
Normal: (0.726776, 0.488186, 0.483189)
Normal: (0.523396, 0.213933, 0.824797)
Normal: (0.0981445, 0.0303524, 0.994709)
Normal: (0.142825, -0.0849764, 0.986093)
Normal: (0.44532, 0.169011, 0.879275)
Normal: (0.526138, 0.422107, 0.738244)
Normal: (0.355225, -0.245389, 0.901997)
Normal: (0.61262, 0.121331, 0.781009)
Normal: (0.580891, 0.200104, 0.789002)
Normal: (0.0208042, 0.188606, 0.981832)
Normal: (-0.333224, -0.779027, 0.531111)
Normal: (-0.217, -0.975959, 0.0203655)
Normal: (0.735437, -0.430614, 0.523167)
Normal: (0.772381, -0.187985, 0.606704)
Normal: (0.79571, -0.0823134, 0.600058)
Normal: (0.313558, -0.13635, 0.939729)
Normal: (0.715118, -0.029044, 0.6984)
Normal: (-0.870098, -0.271196, 0.411561)
Normal: (0.639609, 0.699333, -0.319113)
Normal: (0.458816, -0.189658, 0.868054)
Normal: (0.957376, 0.285368, 0.044668)
Normal: (0.99223, 0.106316, 0.0646317)
Normal: (0.918116, 0.304893, -0.253185)
Normal: (0.922761, 0.174668, -0.343517)
Normal: (-0.166549, -0.0953477, 0.981412)
Normal: (0.993277, 0.0197505, 0.114068)
Normal: (0.938638, -0.158622, 0.306265)
Normal: (0.635267, 0.635416, 0.438957)
Normal: (-0.804402, -0.131021, 0.579457)
Normal: (0.827399, 0.494597, 0.266052)
Normal: (0.881033, 0.472746, 0.0170981)
Normal: (0.328127, 0.899714, -0.287831)
Normal: (-0.10314, -0.125413, 0.986729)
Normal: (-0.287863, -0.217289, 0.932695)
Normal: (-0.227813, -0.160196, 0.960437)
Normal: (0.161269, 0.033005, 0.986358)
Normal: (0.96873, 0.244439, -0.042557)
Normal: (0.92898, 0.253258, 0.269918)
Normal: (0.12469, -0.158959, 0.97938)
Normal: (0.805428, -0.00708027, 0.592652)
Normal: (0.899794, 0.335488, -0.278958)
Normal: (0.864867, 0.4937, -0.0909149)
Normal: (-0.80873, -0.425888, 0.405679)
Normal: (-0.830732, -0.267631, 0.488116)
Normal: (-0.807356, -0.0186181, 0.589771)
Normal: (0.979457, -0.0205512, -0.200604)
Normal: (0.893364, -0.109728, -0.43573)
Normal: (0.996469, 0.0456296, -0.0704767)
Normal: (0.565393, -0.576938, -0.589469)
Normal: (-0.586636, -0.51276, -0.626845)
Normal: (-0.866213, -0.270995, 0.419806)
Normal: (0.292393, -0.799542, 0.524633)
Normal: (0.64666, 0.381883, 0.6603)
Normal: (0.402241, -0.795964, 0.452376)
Normal: (0.473854, 0.187916, 0.86032)
Normal: (0.678865, -0.146075, 0.719586)
Normal: (0.384903, 0.563219, 0.731187)
Normal: (0.524116, -0.152201, 0.837936)
Normal: (0.403005, -0.682855, 0.60934)
Normal: (0.450336, -0.211793, 0.867376)
Normal: (0.501703, -0.539687, 0.676041)
Normal: (0.53139, -0.0529606, 0.84547)
Normal: (0.594439, -0.136515, 0.792468)
Normal: (0.533821, 0.419624, 0.734132)
Normal: (0.268512, -0.804775, 0.529375)
Normal: (0.316897, -0.83108, 0.457035)
Normal: (0.491318, 0.114429, 0.863431)
Normal: (0.416377, 0.827488, 0.376688)
Normal: (0.613949, 0.27024, 0.741645)
Normal: (0.425733, -0.824423, 0.372933)
Normal: (0.894242, -0.0745161, 0.441336)
Normal: (0.675631, 0.525671, 0.516907)
Normal: (0.772887, 0.50649, 0.382247)
Normal: (0.818929, -0.197795, 0.538733)
Normal: (0.672772, -0.497675, 0.547447)
Normal: (0.622651, -0.714255, 0.319601)
Normal: (0.857647, 0.259316, 0.444069)
Normal: (0.74269, -0.3655, 0.56109)
Normal: (0.753202, 0.344684, 0.560249)
Normal: (0.411309, -0.838671, 0.35701)
Normal: (0.71711, 0.160662, 0.67819)
Normal: (0.832222, -0.131256, 0.538681)
Normal: (0.530092, 0.813065, 0.240683)
Normal: (0.0522825, 0.99854, 0.0135524)
Normal: (0.659616, -0.691266, 0.295056)
Normal: (0.757981, -0.56081, 0.333102)
Normal: (0.933334, 0.310955, 0.179431)
Normal: (0.740206, -0.658012, 0.138258)
Normal: (0.75302, 0.563631, 0.339531)
Normal: (0.94866, -0.175867, 0.262897)
Normal: (0.770647, -0.60137, 0.210848)
Normal: (0.964773, -0.161049, 0.208029)
Normal: (0.780474, -0.531726, 0.328828)
Normal: (0.814628, -0.573365, 0.0873766)
Normal: (0.926356, 0.306468, 0.218955)
Normal: (0.85232, 0.439699, 0.283223)
Normal: (0.548444, -0.815607, 0.184374)
Normal: (0.509014, -0.836382, 0.203396)
Normal: (0.913266, -0.304477, 0.270628)
Normal: (0.900066, -0.251247, 0.356028)
Normal: (0.560131, -0.828276, -0.0145325)
Normal: (0.702788, -0.702315, -0.113328)
Normal: (0.785575, -0.598007, 0.158932)
Normal: (0.99616, 0.0705773, 0.0518157)
Normal: (0.842015, 0.503791, -0.192889)
Normal: (0.97873, -0.201519, -0.0384439)
Normal: (0.674733, -0.737948, -0.0129709)
Normal: (0.96052, -0.274063, -0.0478557)
Normal: (0.971033, -0.134833, -0.197267)
Normal: (0.989709, 0.0230275, -0.14123)
Normal: (0.908508, 0.373257, -0.187862)
Normal: (0.572666, -0.819534, -0.0204473)
Normal: (0.948393, 0.312598, 0.0532213)
Normal: (0.983635, -0.17285, -0.0508403)
Normal: (0.54359, 0.823014, -0.164797)
Normal: (0.590158, 0.807062, 0.0190982)
Normal: (0.968126, 0.0211957, -0.249567)
Normal: (0.00743149, 0.999571, -0.028336)
Normal: (0.520599, -0.828322, -0.207025)
Normal: (0.703199, -0.66222, -0.258796)
Normal: (0.59748, -0.781015, -0.181752)
Normal: (0.724553, 0.475544, -0.49888)
Normal: (0.889789, -0.21067, -0.404839)
Normal: (0.740487, -0.582633, -0.334988)
Normal: (0.881816, 0.360346, -0.304223)
Normal: (0.913142, -0.133061, -0.385314)
Normal: (0.760853, -0.475278, -0.441831)
Normal: (0.906974, -0.171193, -0.384827)
Normal: (0.831963, 0.220298, -0.509221)
Normal: (0.819167, 0.372074, -0.436494)
Normal: (0.81449, 0.313118, -0.48843)
Normal: (0.561568, -0.819713, -0.112752)
Normal: (0.480133, -0.830766, -0.281603)
Normal: (0.952405, 0.0392748, -0.302294)
Normal: (0.697852, -0.57757, -0.423574)
Normal: (0.782258, 0.0692961, -0.619089)
Normal: (0.615982, 0.159788, -0.771384)
Normal: (0.706481, -0.198584, -0.6793)
Normal: (0.749892, -0.551886, -0.364807)
Normal: (0.520138, -0.629085, -0.577675)
Normal: (0.780191, 0.105363, -0.616604)
Normal: (0.6623, -0.0857193, -0.744319)
Normal: (0.692774, -0.0864454, -0.715955)
Normal: (0.59587, 0.190892, -0.780064)
Normal: (0.39664, -0.845859, -0.35665)
Normal: (0.78273, 0.185841, -0.593967)
Normal: (0.473872, 0.803262, -0.360854)
Normal: (0.746941, 0.235133, -0.621926)
Normal: (0.584241, -0.0870207, -0.806901)
Normal: (0.307291, -0.69798, -0.646835)
Normal: (0.454839, 0.535868, -0.711313)
Normal: (0.257851, 0.58245, -0.770886)
Normal: (0.326388, -0.628492, -0.706024)
Normal: (0.0676289, -0.594853, -0.800984)
Normal: (0.21561, -0.523827, -0.824086)
Normal: (0.388724, -0.200328, -0.899312)
Normal: (0.286336, 0.326354, -0.900836)
Normal: (0.0977351, 0.962395, -0.253463)
Normal: (0.292999, -0.83635, -0.463325)
Normal: (0.16964, -0.840554, -0.514481)
Normal: (0.529747, -0.0895425, -0.843416)
Normal: (0.191236, 0.80836, -0.556762)
Normal: (0.351208, -0.14806, -0.924517)
Normal: (0.0386519, 0.13161, -0.990548)
Normal: (0.0137162, -0.761143, -0.648439)
Normal: (0.205751, 0.259227, -0.943646)
Normal: (-0.0679849, -0.00107953, -0.997686)
Normal: (0.217756, 0.459938, -0.860836)
Normal: (0.0235882, 0.794019, -0.607435)
Normal: (0.0504156, -0.257582, -0.96494)
Normal: (0.0528905, -0.600315, -0.798013)
Normal: (-0.0115215, -0.521659, -0.853076)
Normal: (0.0844897, -0.481199, -0.87253)
Normal: (0.0502193, 0.0342316, -0.998151)
Normal: (0.266326, 0.346623, -0.899401)
Normal: (0.0397325, 0.348203, -0.936577)
Normal: (-0.00712064, -0.844427, -0.535624)
Normal: (0.0684814, 0.0600301, -0.995845)
Normal: (0.0405638, 0.801459, -0.596673)
Normal: (0.141482, 0.0319777, -0.989424)
Normal: (0.00597126, 0.998465, -0.0550641)
Normal: (-0.121662, -0.779298, -0.61473)
Normal: (-0.274989, 0.456557, -0.84613)
Normal: (-0.176604, 0.243152, -0.953776)
Normal: (-0.294409, -0.223493, -0.929179)
Normal: (-0.209178, -0.626065, -0.75119)
Normal: (-0.269899, -0.74367, -0.611645)
Normal: (-0.237493, -0.425338, -0.873318)
Normal: (-0.307028, -0.667086, -0.678771)
Normal: (-0.380451, -0.0129943, -0.92471)
Normal: (-0.379128, -0.323518, -0.866947)
Normal: (-0.234285, 0.304469, -0.92326)
Normal: (-0.323149, 0.414634, -0.850678)
Normal: (-0.11455, -0.834686, -0.538681)
Normal: (-0.188185, -0.0863908, -0.978327)
Normal: (-0.159798, 0.0287885, -0.98673)
Normal: (-0.0956943, 0.809974, -0.578606)
Normal: (-0.0977768, 0.8116, -0.575974)
Normal: (-0.269128, 0.798765, -0.538093)
Normal: (-0.208046, 0.0524746, -0.97671)
Normal: (-0.278698, -0.810304, -0.515494)
Normal: (-0.463842, -0.691384, -0.553931)
Normal: (-0.425437, 0.597373, -0.679815)
Normal: (-0.550326, -0.300525, -0.77899)
Normal: (-0.590512, -0.247414, -0.768168)
Normal: (-0.47257, -0.66383, -0.579662)
Normal: (-0.474216, -0.682357, -0.556334)
Normal: (-0.566811, 0.265825, -0.779783)
Normal: (-0.386728, -0.848347, -0.361592)
Normal: (-0.376211, -0.853841, -0.359751)
Normal: (-0.453488, -0.131733, -0.881473)
Normal: (-0.61743, 0.107672, -0.779222)
Normal: (-0.237577, 0.815313, -0.528037)
Normal: (-0.340618, 0.825543, -0.449954)
Normal: (-0.528261, 0.350357, -0.773428)
Normal: (-0.675211, -0.128344, -0.726374)
Normal: (-0.458163, -0.705905, -0.540171)
Normal: (-0.633429, -0.713534, -0.299393)
Normal: (-0.721361, 0.163781, -0.672915)
Normal: (-0.838485, -0.0350228, -0.543799)
Normal: (-0.488862, 0.782012, -0.386615)
Normal: (-0.848573, -0.217802, -0.482169)
Normal: (-0.618664, -0.700955, -0.354848)
Normal: (-0.835974, 0.160384, -0.524809)
Normal: (-0.686101, -0.598089, -0.414192)
Normal: (-0.700992, -0.464989, -0.540736)
Normal: (-0.785912, -0.0945048, -0.611074)
Normal: (-0.796248, -0.19256, -0.573507)
Normal: (-0.763985, 0.317923, -0.561473)
Normal: (-0.482883, -0.854218, -0.192708)
Normal: (-0.49725, -0.8285, -0.257547)
Normal: (-0.788799, 0.0925102, -0.60765)
Normal: (-0.857244, -0.176486, -0.48372)
Normal: (-0.467304, 0.79955, -0.37729)
Normal: (-0.631573, -0.754373, -0.17899)
Normal: (-0.612231, -0.773721, -0.162877)
Normal: (-0.858578, 0.464413, -0.217175)
Normal: (-0.831364, 0.508944, -0.223181)
Normal: (-0.929663, -0.33846, -0.145507)
Normal: (-0.66423, -0.649496, -0.370072)
Normal: (-0.952171, 0.24513, -0.182432)
Normal: (-0.822044, -0.543047, -0.171299)
Normal: (-0.880162, -0.439248, -0.179936)
Normal: (-0.950127, 0.152146, -0.272233)
Normal: (-0.826151, 0.413603, -0.382631)
Normal: (-0.91403, 0.29728, -0.275995)
Normal: (-0.532088, -0.84471, -0.057854)
Normal: (-0.562094, -0.819034, -0.115038)
Normal: (-0.912801, 0.103507, -0.39507)
Normal: (-0.95571, -0.18099, -0.232082)
Normal: (-0.5379, 0.828333, -0.156613)
Normal: (-0.567799, 0.813976, -0.122668)
Normal: (-0.966744, 0.0829493, -0.241921)
Normal: (-0.532352, -0.844345, 0.0606833)
Normal: (-0.632137, -0.761525, 0.143118)
Normal: (-0.659937, -0.744752, 0.0991289)
Normal: (-0.619354, -0.776325, 0.117134)
Normal: (-0.926092, 0.376819, 0.0189853)
Normal: (-0.825296, 0.554611, 0.106273)
Normal: (-0.939874, -0.309415, 0.144569)
Normal: (-0.68564, -0.727116, 0.0346523)
Normal: (-0.814865, -0.568243, -0.114433)
Normal: (-0.726826, -0.667986, 0.159746)
Normal: (-0.836547, -0.51893, 0.175787)
Normal: (-0.866214, -0.452932, 0.211012)
Normal: (-0.979327, -0.197918, -0.0417983)
Normal: (-0.888325, -0.414626, 0.197391)
Normal: (-0.928115, 0.367573, 0.0590959)
Normal: (-0.560085, -0.825727, 0.0669307)
Normal: (-0.573427, -0.815353, 0.079883)
Normal: (-0.982754, -0.151583, 0.105909)
Normal: (-0.554214, 0.832374, 0.00107205)
Normal: (-0.565411, 0.824618, 0.0177738)
Normal: (-0.994584, 0.103277, 0.0116713)
Normal: (-0.471037, -0.834854, 0.284856)
Normal: (-0.542912, -0.739444, 0.398082)
Normal: (-0.857054, -0.0388056, 0.513763)
Normal: (-0.763479, -0.483213, 0.428492)
Normal: (-0.637661, 0.600236, 0.482809)
Normal: (-0.947085, -0.182856, 0.263806)
Normal: (-0.881671, -0.2595, 0.394102)
Normal: (-0.626838, -0.624518, 0.465888)
Normal: (-0.751219, -0.59561, 0.284464)
Normal: (-0.875533, 0.250629, 0.413071)
Normal: (-0.855773, 0.301849, 0.420167)
Normal: (-0.499196, -0.835141, 0.230961)
Normal: (-0.50214, -0.831935, 0.236094)
Normal: (-0.944331, 0.110708, 0.309812)
Normal: (-0.906741, -0.155518, 0.391963)
Normal: (-0.814985, 0.18131, 0.550387)
Normal: (-0.534434, 0.830959, 0.154557)
Normal: (-0.47533, 0.826954, 0.300347)
Normal: (-0.527669, 0.834494, 0.1587)
Normal: (-0.826695, -0.0367921, 0.561446)
Normal: (-0.495207, -0.682015, 0.538169)
Normal: (-0.493048, -0.556143, 0.669036)
Normal: (-0.565655, 0.46284, 0.682505)
Normal: (-0.621056, -0.588552, 0.517587)
Normal: (-0.771464, -0.0419345, 0.63489)
Normal: (-0.609033, -0.598051, 0.520974)
Normal: (-0.44328, -0.561884, 0.698419)
Normal: (-0.380162, -0.837154, 0.393255)
Normal: (-0.443884, -0.811407, 0.380243)
Normal: (-0.356169, -0.801408, 0.480508)
Normal: (-0.784416, -0.0771846, 0.615414)
Normal: (-0.596408, 0.0276259, 0.802206)
Normal: (-0.448178, 0.77915, 0.438248)
Normal: (-0.67362, -0.0960426, 0.732811)
Normal: (-0.764329, 0.234823, 0.60055)
Normal: (-0.0231564, 0.999685, -0.00966773)
Normal: (-0.224307, -0.798427, 0.558749)
Normal: (-0.362958, -0.720836, 0.590472)
Normal: (-0.299099, -0.640731, 0.70711)
Normal: (-0.310542, -0.626539, 0.714852)
Normal: (-0.369618, -0.435741, 0.820678)
Normal: (-0.309612, 0.522534, 0.794417)
Normal: (-0.445166, -0.175985, 0.877984)
Normal: (-0.445971, -0.569729, 0.690304)
Normal: (-0.327733, -0.63087, 0.703274)
Normal: (-0.125305, -0.523236, 0.842925)
Normal: (-0.532925, 0.100883, 0.840127)
Normal: (-0.54559, 0.00649071, 0.838027)
Normal: (-0.263082, -0.445166, 0.855929)
Normal: (-0.531373, -0.000893146, 0.847137)
Normal: (-0.30407, -0.139082, 0.942443)
Normal: (-0.204131, 0.833912, 0.512759)
Normal: (-0.177645, -0.0275633, 0.983709)
Normal: (-0.0658872, -0.917211, 0.392916)
Normal: (0.0658813, -0.727203, 0.683254)
Normal: (-0.14961, 0.601981, 0.784369)
Normal: (-0.172109, -0.261535, 0.949725)
Normal: (-0.081339, -0.158773, 0.983959)
Normal: (-0.298612, -0.144717, 0.943339)
Normal: (0.0539849, -0.282078, 0.957871)
Normal: (-0.225756, -0.426504, 0.875859)
Normal: (0.0367067, -0.454546, 0.889967)
Normal: (-0.0664867, 0.102936, 0.992463)
Normal: (0.0248702, 0.395513, 0.918124)
Normal: (-0.00136272, -0.803059, 0.595898)
Normal: (0.0457397, -0.827838, 0.559099)
Normal: (0.00956375, -0.131234, 0.991305)
Normal: (-0.0688321, 0.17863, 0.981506)
Normal: (-0.0435376, 0.840865, 0.539492)
Normal: (-0.0415906, 0.839613, 0.541591)
Normal: (-0.0601747, -0.19457, 0.979041)
Normal: (0.12255, -0.756662, 0.642218)
Normal: (0.110139, 0.109376, 0.98788)
Normal: (0.172542, -0.270808, 0.947044)
Normal: (0.336228, 0.445135, 0.829943)
Normal: (0.135889, 0.654406, 0.743833)
Normal: (0.0926115, 0.49129, 0.866059)
Normal: (0.165105, -0.235189, 0.957824)
Normal: (0.180342, -0.417399, 0.890648)
Normal: (0.328743, -0.569202, 0.753616)
Normal: (0.310255, -0.531793, 0.787996)
Normal: (0.115864, -0.562726, 0.818483)
Normal: (0.267115, -0.112336, 0.957095)
Normal: (0.352635, -0.18627, 0.917034)
Normal: (0.234017, 0.362296, 0.902207)
Normal: (0.148594, -0.810378, 0.566752)
Normal: (0.214133, 0.128662, 0.968294)
Normal: (0.255731, -0.0387673, 0.96597)
Normal: (0.120735, 0.834905, 0.536989)
Normal: (0.375549, 0.265572, 0.887938)
Normal: (0.0121879, 0.999005, 0.042891)
Normal: (-0.000275934, 0.999633, -0.0270768)
Normal: (0.741132, -0.034263, 0.670484)
Normal: (0.79232, -0.0964734, 0.60243)
Normal: (0.940187, -0.0409986, 0.338181)
Normal: (0.918822, 0.0970489, 0.382554)
Normal: (0.832649, 0.184936, 0.52201)
Normal: (0.996983, -0.0250682, -0.073455)
Normal: (0.982145, 0.0741181, -0.17291)
Normal: (0.905561, -0.0878696, -0.415017)
Normal: (0.818672, 0.184269, -0.543894)
Normal: (0.326536, -0.000458013, -0.945185)
Normal: (-0.73998, -0.0460412, -0.671051)
Normal: (-0.455327, 0.025041, -0.889972)
Normal: (-0.817998, -0.111511, -0.564309)
Normal: (-0.753467, -0.0358403, -0.656509)
Normal: (-0.942708, 0.0350359, -0.331774)
Normal: (-0.931607, -0.125086, 0.341266)
Normal: (-0.999456, 0.0193234, 0.0267418)
Normal: (-0.836437, -0.0646458, 0.544237)
Normal: (0.194632, 0.0850731, 0.97718)
Normal: (-0.244596, 0.755129, -0.608238)
Normal: (-0.29483, 0.741238, -0.603027)
Normal: (-0.512512, 0.836135, -0.195473)
Normal: (-0.800498, 0.58118, 0.146401)
Normal: (-0.263321, 0.800924, 0.537758)
Normal: (-0.209097, 0.810194, -0.547598)
Normal: (-0.287105, 0.824107, -0.488281)
Normal: (-0.252886, 0.915137, -0.313964)
Normal: (-0.0823831, 0.996017, -0.034112)
Normal: (0.263648, 0.785331, -0.560129)
Normal: (-0.0640466, 0.993523, -0.0938609)
Normal: (0.308078, 0.951129, -0.0210261)
Normal: (0.470606, 0.864225, 0.17789)
Normal: (0.246201, 0.787102, 0.565558)
Normal: (0.256867, 0.799883, -0.542407)
Normal: (-0.594744, 0.596511, 0.538938)
Normal: (0.299304, 0.819922, 0.488001)
Normal: (0.266861, 0.792589, 0.548259)
Normal: (0.584021, 0.811554, 0.0173407)
Normal: (0.311723, 0.823316, -0.474319)
Normal: (0.363848, 0.918418, -0.155314)
Normal: (-0.0330256, 0.980997, 0.19119)
Normal: (-0.0771032, 0.993354, -0.0854608)
Normal: (0.153048, 0.973523, 0.169793)
Normal: (-0.105032, 0.992927, -0.0553568)
Normal: (0.925811, 0.360033, -0.115111)
Normal: (0.709382, 0.19835, -0.67634)
Normal: (-0.875439, -0.161428, 0.455573)
Normal: (-0.489208, 0.239763, -0.838563)
Normal: (0.54193, 0.392657, -0.743056)
Normal: (0.59991, 0.794834, 0.091364)
Normal: (0.21228, 0.112709, -0.970687)
Normal: (-0.00656352, -0.115067, -0.993336)
Normal: (-0.542619, 0.322357, 0.775662)
Normal: (0.611786, -0.665722, -0.427239)
Normal: (0.341545, -0.666004, -0.663163)
Normal: (0.717873, -0.435045, -0.543502)
Normal: (0.791925, 0.198095, -0.577593)
Normal: (0.855819, 0.197826, -0.477953)
Normal: (0.811032, -0.0106593, -0.584905)
Normal: (0.618933, 0.565836, -0.544749)
Normal: (-0.18804, 0.672464, -0.715844)
Normal: (-0.805862, -0.0273034, -0.591473)
Normal: (-0.8387, -0.258525, -0.479319)
Normal: (-0.880266, -0.31761, -0.352499)
Normal: (-0.816253, -0.359875, -0.451909)
Normal: (-0.879871, -0.168748, -0.444242)
Normal: (-0.884473, -0.165738, -0.436164)
Normal: (-0.80272, -0.037647, -0.595167)
Normal: (-0.753119, -0.0344386, -0.656983)
Normal: (-0.458952, -0.268157, -0.847027)
Normal: (0.626178, -0.318563, -0.711631)
Normal: (0.359276, -0.279621, -0.890355)
Normal: (0.992064, 0.125729, -0.00108567)
Normal: (0.959708, 0.18799, 0.208853)
Normal: (0.854649, 0.398733, -0.332547)
Normal: (0.500473, 0.802724, -0.324286)
Normal: (-0.179545, 0.0787089, -0.980596)
Normal: (0.705533, -0.0863829, -0.703393)
Normal: (0.670665, -0.378779, -0.637758)
Normal: (0.628073, -0.673342, -0.390044)
Normal: (0.990778, -0.0375001, 0.130201)
Normal: (0.728021, 0.0683367, 0.68214)
Normal: (0.798607, -0.0951833, 0.594278)
Normal: (0.642258, -0.0865109, 0.761591)
Normal: (0.685799, -0.0829665, 0.723047)
Normal: (0.841602, 0.399422, 0.363549)
Normal: (0.646701, 0.672843, -0.359251)
Normal: (0.893962, 0.124206, -0.430586)
Normal: (0.793424, 0.148497, -0.590276)
Normal: (0.944769, -0.265751, 0.191801)
Normal: (0.695184, -0.110545, 0.710281)
Normal: (0.543991, 0.66177, 0.515881)
Normal: (0.551729, 0.348137, -0.757889)
Normal: (0.808717, 0.0808752, -0.582612)
Normal: (0.802046, 0.200352, -0.562656)
Normal: (-0.242695, -0.2644, -0.933377)
Normal: (0.569634, -0.571161, -0.59101)
Normal: (0.365812, -0.606091, -0.706283)
Normal: (0.93449, -0.348728, 0.0715362)
Normal: (0.925325, -0.00124268, -0.379173)
Normal: (0.986946, -0.100574, 0.125785)
Normal: (0.987068, -0.100894, 0.124571)
Normal: (0.992249, 0.123453, 0.014169)
Normal: (0.846913, 0.218837, -0.484612)
Normal: (0.638084, 0.61047, -0.469229)
Normal: (0.813777, 0.425438, -0.395941)
Normal: (-0.254164, 0.54714, -0.79752)
Normal: (0.209442, 0.101392, -0.97255)
Normal: (-0.0950238, 0.119691, -0.988253)
Normal: (0.0524839, -0.192666, -0.97986)
Normal: (0.279907, 0.0420722, -0.959105)
Normal: (-0.325643, 0.105314, -0.939609)
Normal: (0.257914, -0.233503, 0.937527)
Normal: (0.484945, -0.0869561, 0.870211)
Normal: (-0.17467, -0.358062, 0.917214)
Normal: (0.739626, -0.257552, 0.621788)
Normal: (0.543049, -0.251054, 0.801292)
Normal: (0.0274298, -0.212389, 0.9768)
Normal: (0.481033, 0.132635, 0.866611)
Normal: (0.835446, 0.511314, -0.201464)
Normal: (0.930641, 0.228774, -0.285603)
Normal: (0.993843, 0.0718727, 0.0843251)
Normal: (0.847255, -0.382116, -0.368979)
Normal: (0.542801, -0.66919, 0.507496)
Normal: (0.903995, 0.110953, -0.412896)
Normal: (0.900537, 0.377293, -0.216064)
Normal: (0.200058, 0.713182, -0.671825)
Normal: (-0.793962, -0.0210157, -0.607604)
Normal: (-0.429132, -0.097918, -0.897919)
Normal: (-0.276364, -0.628717, -0.726868)
Normal: (0.714611, -0.410244, -0.566597)
Normal: (0.615999, -0.41468, -0.669766)
Normal: (0.825908, 0.415113, -0.381519)
Normal: (0.67798, 0.225836, -0.699529)
Normal: (0.417613, 0.156117, -0.895113)
Normal: (0.345224, 0.19962, -0.917045)
Normal: (0.743673, -0.288663, 0.603012)
Normal: (0.74038, -0.0180397, 0.671947)
Normal: (0.62027, 0.696829, 0.36013)
Normal: (0.684536, -0.0931823, -0.722999)
Normal: (0.778224, 0.0756673, 0.623411)
Normal: (0.741519, -0.0635769, 0.667913)
Normal: (0.868614, 0.0294382, 0.494614)
Normal: (0.626646, 0.779046, 0.0200423)
Normal: (0.94608, 0.256502, 0.197835)
Normal: (0.631214, 0.630072, -0.452303)
Normal: (0.805013, 0.194921, -0.560321)
